1136
1031
1228
817
1955
823
2490
1277
764
1089
1805
592
609
729
2061
715
1513
1321
418
2383
1985
160
1373
920
1265
1922
54
9
1727
1493
722
210
1767
1264
1689
292
1257
1762
730
898
1009
966
1511
1728
218
448
1435
1260
1006
1240
1105
447
238
1505
1036
356
163
1872
526
130
2284
2131
1335
973
129
2121
1848
1203
147
1596
2171
559
371
253
2474
1456
265
1266
1428
415
2134
409
528
408
1090
1844
294
2067
2146
1025
1606
608
741
723
483
1646
192
35
1992
835
31
1312
1088
877
1123
200
804
1082
1200
2138
82
1747
1003
457
2123
21
1431
1504
1719
1168
1317
1376
783
2174
1275
1042
1279
2120
2157
1918
1983
1824
2110
1043
134
979
2257
923
277
1378
710
2010
2130
2454
1101
2497
305
694
697
537
1581
924
672
2136
2317
1130
50
724
1583
142
1890
364
175
998
727
67
908
2298
1120
2340
551
321
1241
938
1444
2098
2333
815
1911
2378
227
493
587
2154
1172
716
781
2212
1591
720
1942
2185
210
1490
481
969
1874
997
489
1713
585
840
1649
1700
827
1008
85
1257
1177
433
1997
2486
1549
1612
1837
707
89
697
2117
1063
2178
794
1356
511
2038
316
64
1978
1875
596
1430
1488
1676
1671
2219
2103
2200
2035
1416
130
1968
999
1572
1291
1084
422
976
509
1059
1763
2208
1359
308
1053
875
1448
419
1291
198
1499
1253
2275
206
1034
1680
2047
1559
1284
213
2053
2308
2085
1767
2030
2196
1359
1298
253
1062
2156
894
1610
487
1550
1714
2014
39
2323
401
1387
253
1588
1266
249
1628
486
272
2484
409
905
73
76
1927
2131
1374
2000
2482
949
762
2151
2138
2100
617
2326
1043
1228
1413
699
1133
2120
274
813
2336
1493
624
347
1689
1097
1111
1350
522
1674
1353
1166
2103
360
2432
1289
1501
1443
630
1210
506
2378
751
1249
1267
2136
326
277
1284
804
174
1307
1573
521
2374
2487
1395
2451
1427
147
486
1333
319
1261
1771
295
657
1457
1564
1275
71
818
218
926
837
1292
501
1293
1440
736
2401
2353
565
2030
2036
1148
967
2300
1542
1485
2094
2017
339
1047
564
1810
515
2226
171
889
416
1364
595
2298
1771
2453
683
736
1220
1260
511
583
1416
1467
555
575
810
2392
2009
1935
943
834
690
947
2436
169
1921
1680
1176
1429
1461
1777
317
2036
1831
2474
494
2368
872
13
220
20
1346
2086
893
1485
1108
1551
216
929
2158
2
629
1493
66
1736
1094
1876
200
1357
1541
1382
436
932
1507
1474
1208
1644
2172
1293
2487
446
2338
501
596
54
2446
986
587
274
663
2490
1736
697
1486
2286
2372
650
1004
2188
205
1920
130
1887
1111
1989
94
654
91
1955
847
139
1085
2460
1682
2223
2144
1649
490
1570
190
1557
1666
967
2490
2064
367
1170
1087
1818
1908
2371
2078
1312
1059
2147
1899
1412
301
2301
1307
1197
1345
734
2413
779
395
67
1002
2230
1342
1848
1733
1103
974
321
530
928
2151
829
1044
1843
2056
2208
910
395
465
1278
508
868
1136
1320
622
2008
1503
2034
2348
1592
2416
190
1788
2234
123
117
291
1973
1886
1709
1966
2005
263
1111
1428
144
421
1656
2183
1283
2051
1279
2476
958
2440
1767
2144
1476
1602
1892
1092
1679
2273
545
1742
95
532
721
1718
1183
1176
875
1189
1132
650
766
1775
12
202
891
497
458
1671
2410
779
1276
338
303
124
1168
1009
1898
1596
2024
1410
1049
792
1199
2411
1612
21
1378
179
815
1847
207
1713
998
947
386
1061
1204
1602
1695
1036
1051
1598
1825
2088
1152
2231
62
2032
271
2218
894
2006
877
1176
363
2173
595
2101
105
1522
2152
496
1241
199
850
1611
869
175
1810
229
1231
474
2479
1166
782
296
63
1700
384
966
350
1133
1399
825
382
1615
367
1046
271
2349
1694
1490
1314
417
2102
545
1885
197
2443
2020
8
1222
266
784
1078
1237
1116
1578
2295
948
1363
1366
2110
2467
1003
596
130
1021
1504
1156
1665
2116
1725
547
1430
628
1414
188
2197
2334
1427
1948
2243
1476
2207
1666
521
677
1030
2064
2071
1588
895
2009
1776
1677
538
1398
2099
1791
2179
1940
1549
1547
1601
1995
998
38
103
815
2239
1298
1651
1014
1025
170
2226
1750
1368
662
781
2325
1071
885
105
2077
1985
171
170
2073
468
101
530
1885
959
1258
712
1280
300
1820
2117
594
2453
1927
2342
2099
239
2297
1592
174
1111
980
831
1695
901
2133
850
1040
32
1665
2336
1651
2057
809
2102
607
2399
1407
1207
946
574
420
1796
2343
235
43
1745
2272
1340
505
1783
2290
1667
2472
1347
1971
2089
1444
1087
742
1664
262
1670
803
1399
1855
1030
1265
733
601
351
1217
934
1272
418
158
1203
2337
1473
1449
414
237
900
1895
1803
547
546
523
2068
999
696
2210
449
304
1889
811
419
747
2289
796
282
2193
481
1258
558
669
1880
2016
2291
1772
1554
2293
1118
662
2347
100
2014
2361
1899
288
2164
1181
179
2144
211
428
2153
50
271
584
2449
488
596
401
1579
1034
1109
817
66
801
1648
945
1229
1420
1014
1416
803
752
1829
51
171
1678
1109
1665
2295
1647
538
1878
399
504
282
640
1486
1887
929
1351
1413
1355
1933
69
355
1330
364
970
456
1835
1264
142
494
2429
2072
140
1320
1342
24
1415
1579
2128
335
1050
1155
1785
1524
1474
618
531
898
1413
797
2045
485
826
299
790
1006
818
2140
1666
2218
829
718
2042
2047
1511
1224
373
1434
124
1800
943
1978
1285
311
181
40
2126
1184
24
2342
468
1444
756
540
118
1961
179
480
2158
88
1658
2366
456
1192
8
1690
2013
776
1877
2273
1064
1305
1712
994
1380
1877
235
2166
1831
2043
1429
2360
2482
1410
2432
626
368
903
1662
2190
2191
185
1439
689
1426
2153
1999
1134
1185
2329
436
896
374
1286
1878
1344
857
1705
1312
2005
1307
529
505
54
981
642
1915
237
316
1858
1908
34
1972
2295
2039
2370
2318
1769
2276
235
1583
2455
990
601
260
1956
2440
1246
1964
688
1715
1025
1091
1928
276
1960
1872
1626
2199
1279
1130
1032
1385
1710
209
373
2212
391
1920
808
1117
536
1222
1096
2080
2139
1135
1625
2413
2083
904
2434
307
2274
1901
2486
1420
1150
1129
119
819
2289
195
82
2095
1325
62
830
996
515
1583
2130
1310
2159
2138
2038
1019
249
179
1205
487
356
820
402
663
1744
2085
966
501
65
2351
1001
1897
389
66
1766
1285
1347
1421
1575
1559
2135
861
2415
1233
659
52
2227
932
1680
1324
1606
1404
236
1509
2024
221
1844
2100
1232
1032
2006
1670
1704
1318
1019
113
2219
1104
1347
1180
1822
1306
12
1451
1229
2030
1310
161
2455
2205
2222
1659
1553
2021
1645
868
2289
1972
2020
1038
868
2367
1325
28
747
77
387
822
2431
1717
1070
1504
93
765
1887
1951
2330
1347
824
1532
1872
818
246
1774
815
2104
1431
591
1806
1166
1485
215
829
1423
2315
328
1372
728
714
788
1345
378
325
1062
463
1235
1972
894
2288
1162
1522
107
1355
1085
1744
25
1332
2305
94
1097
1841
2028
1599
1313
1140
2243
1788
1929
266
2023
702
1382
655
1469
691
1774
2004
1205
323
610
1380
2198
449
341
735
282
1867
717
1266
1876
1588
698
1316
2010
355
1553
118
878
337
15
1405
1662
1271
1580
1223
2480
1521
1030
1477
1547
589
1858
1766
2417
921
423
2349
163
479
1217
1952
1053
1190
1505
795
1038
1521
936
2127
618
2300
2333
2460
2203
1543
489
1189
952
289
1904
1728
1968
1138
1792
463
2089
1515
1135
950
378
1703
498
267
684
1419
2067
930
808
874
1537
1385
27
1908
776
1329
120
88
29
728
2385
2248
1362
815
1244
2072
202
2086
455
4
810
2486
1291
2484
1610
1405
1538
1041
1765
391
1577
2110
1335
1784
1354
631
351
265
494
1419
307
963
1597
1875
1433
1862
1221
601
1564
1390
1464
2243
1422
1680
1182
140
559
2057
830
2137
1918
759
1488
2334
102
262
1725
703
500
81
2348
232
147
2050
33
1181
907
1114
2070
2325
393
589
1089
963
757
1002
342
1431
1634
1515
953
221
1156
895
905
2217
2350
1211
2210
2361
1273
1970
2142
917
325
410
1543
2298
2488
1752
1339
858
2404
1470
1234
2052
732
970
2080
621
1648
670
419
2448
8
789
1780
764
2313
1894
2193
2243
1887
1924
397
2316
1946
124
1614
1895
448
894
1749
872
1447
2271
219
741
1802
1797
602
1558
605
1437
2007
1368
2243
2364
2024
2217
991
1439
1595
514
1632
242
1481
226
25
1011
46
2418
1280
2336
275
1986
2283
1870
2348
251
995
1383
798
1235
1305
1571
606
1768
439
2274
2408
70
246
832
909
1650
647
1133
1500
168
2226
820
2112
137
2317
20
989
1049
1620
1238
1550
374
1052
2170
2427
2387
345
2412
789
549
798
1660
983
748
1437
1461
1587
1440
551
2436
1896
405
288
1630
646
19
853
2210
1680
304
2479
2198
1619
989
690
1830
1175
54
585
2026
1569
2209
2200
378
18
1876
1124
2200
1744
159
2457
411
1131
216
1618
380
1610
2396
1253
1404
1727
1424
1849
941
526
543
962
306
1642
2188
9
1262
875
2352
1981
720
450
205
1298
12
2195
1952
2319
2146
2046
920
1060
1065
595
1478
50
2462
1274
426
1642
1357
1305
1947
246
699
2190
1721
2027
229
2240
1800
970
566
1368
1658
1692
1604
342
382
1174
558
2364
2152
356
1107
315
662
1529
1456
1629
981
454
630
2043
915
345
1511
1704
182
2197
154
1181
1239
257
1069
2006
990
1613
1103
1869
205
222
1992
821
903
257
1863
1517
2170
1283
250
1973
1068
1118
2129
2427
1782
1185
215
747
284
1375
684
1296
1466
2184
1247
1259
1107
1349
1278
276
304
793
1405
1461
812
331
810
2375
989
300
1794
2324
553
1568
581
1894
697
1651
702
2098
20
293
78
67
1659
594
2095
2217
1989
608
798
1763
337
1642
175
1063
1693
1434
385
1331
645
1991
1138
258
2103
1502
2032
1846
1331
1514
2043
698
783
560
821
1876
757
314
154
1722
1751
1525
6
413
1057
1151
1477
2211
1843
863
983
899
774
2237
2188
1424
504
2336
1075
1967
465
1984
1131
487
1972
2082
627
705
1883
868
551
2437
2334
1201
257
1247
845
1862
777
2028
594
186
620
2420
1532
2403
160
1300
360
470
402
593
1055
2373
1649
625
2096
1919
1380
76
2330
1934
2009
2448
2320
1311
1769
1071
914
2390
1416
1520
1098
742
1249
1772
2298
368
2275
750
2154
1355
97
1698
232
370
1885
1125
1405
2069
968
171
1625
546
1337
2369
1884
2255
11
2181
1720
1679
298
604
910
1821
1745
1049
2213
2012
1665
324
1697
1845
1752
935
2233
932
1413
366
1008
1166
533
2174
163
18
2391
2479
2365
1849
649
1392
558
657
1165
1252
279
1516
42
1184
19
715
2010
840
461
868
2328
775
1277