6101
7653
587
1670
727
2511
3617
4853
5296
7
1683
4217
148
6920
4550
4507
5799
7100
5392
189
2581
367
935
6129
3503
5832
1010
633
3011
2986
5818
6332
2050
4865
6521
3408
7648
6786
508
4458
2549
4966
7269
5184
2305
77
1134
1378
752
3813
7575
5187
7313
707
1217
1634
1848
4286
4487
2796
6748
867
739
2281
627
6393
6571
1561
2586
3580
5772
3966
7994
5068
4399
7548
1465
5591
404
6646
1180
2085
1321
1053
5499
2320
4654
3881
7603
7321
1437
3244
2582
2486
1408
7060
6606
3885
1261
6429
5349
3343
2217
2483
4168
3785
264
502
5289
3326
7849
6600
2840
2817
5331
409
3264
1298
71
4476
6948
4915
2313
591
6782
2839
6235
1839
1682
1484
7196
449
31
1009
5036
3078
1791
248
1268
4685
7422
3230
2683
2992
5151
3253
4700
1442
6298
128
1167
5499
4385
781
7150
6759
415
6664
168
1043
6281
3736
6064
1459
2752
907
1690
1680
4623
5480
5472
4284
1679
7280
6323
3054
4439
6775
6038
612
6717
1491
5827
3757
2274
4494
7067
3663
5406
2793
6687
267
773
3722
7163
3350
1937
7930
4653
7095
7484
5814
7420
3435
1032
5851
7415
4951
6170
1555
6735
7637
7813
2752
7346
4687
5896
6310
6193
5982
1027
6771
6493
4497
7765
6082
6451
6450
2785
7186
6638
1945
1119
7790
6701
4268
3353
256
2675
3662
1772
3581
1778
3199
257
4672
5408
5000
6389
7084
873
7872
4133
7883
7233
5992
1504
2256
3114
782
1801
3956
7633
1443
2523
6988
1590
2241
7707
703
5087
1037
7476
6031
2395
4149
492
4497
2990
1493
5204
1144
2557
7075
2808
747
4677
6707
3880
3108
6863
7329
7244
3085
3450
1627
27
1347
4219
623
4117
2863
5332
5499
4194
2539
13
2748
2533
4321
6051
7095
6181
974
3759
2188
6799
1026
729
2898
1033
7011
4318
4409
1870
6701
6823
4890
4157
1644
1576
4236
6935
1443
1110
440
4933
4526
610
2831
3445
2327
4617
2058
4904
5657
7640
6043
5571
6971
6338
3995
4293
1316
347
5048
4419
6625
5268
1239
7510
7501
5989
7881
1149
2310
6721
2505
5274
1973
6797
6555
1539
6996
5407
3939
5161
5831
2926
4320
2675
6824
246
7936
1023
2081
7951
2995
3055
7335
1755
5123
7844
26
2501
2520
1289
2617
2514
5084
1615
2207
4327
2807
6961
6263
5101
422
2940
6676
4256
1973
6962
1805
4431
2005
4503
6112
5897
6957
79
1652
2870
4949
7501
6723
2947
5885
4549
7530
319
4439
1467
2917
1854
6435
5232
1614
5173
3183
7798
175
3292
6888
1384
3238
6841
2101
1714
6790
393
6711
1660
3701
568
2448
5255
809
7655
6824
6230
2422
289
280
527
917
4326
2676
5934
6342
7842
3404
4737
6870
3533
4135
3891
4214
823
7317
5450
990
6514
3736
6980
6366
6630
5944
3734
5047
5139
5344
5421
5151
1216
4225
2821
4122
3681
6865
7661
5317
7081
4247
7962
920
5895
2417
6133
6153
5146
5167
4031
2742
4890
6191
2467
2508
6743
5518
814
1463
4883
6670
7480
1340
6731
4455
1592
6815
2377
3840
273
1365
5273
5544
1396
7922
3264
4384
3056
4188
3408
5358
6888
6010
7159
1901
6184
7676
3518
3542
6558
2852
2129
1427
4522
6234
3762
6788
4771
583
2742
6681
2970
7908
4408
5669
1112
6471
2050
1133
3260
3925
54
1764
2234
1455
3973
1968
1051
7083
3134
7624
1092
2922
523
4147
5698
3532
7368
1155
2458
4085
6198
7089
6667
6988
7670
7863
6957
5048
5927
2596
1016
3499
311
6134
7595
4076
206
1863
3220
81
7434
417
6349
1440
2991
2409
6229
3837
1298
7507
5722
6692
7466
6607
1415
2550
6582
1014
6629
3872
6634
1083
2570
7304
5435
6525
432
1070
1992
3918
259
7417
6105
7567
5451
3566
3712
7489
6990
7561
6220
2892
387
2489
738
3019
648
6351
6030
1645
2711
4808
2934
4215
7320
5489
7654
3501
1387
3567
1739
786
7286
4178
3605
6345
1466
5420
860
6431
1827
3673
2152
1946
204
649
3787
3558
6468
4102
4339
1086
1880
6035
380
5554
6283
4886
5417
1261
4108
6357
6932
2796
150
4069
6918
3078
3067
796
1679
6417
3955
6945
2572
4805
682
6172
5269
7785
7986
5040
6249
99
6841
232
3743
318
3217
6696
6851
2550
196
1973
920
6789
7024
7643
3523
6061
4040
1425
2290
1997
6577
2276
234
1670
1353
6719
1525
5799
2973
3952
4678
7725
4408
7033
4756
823
4743
126
7493
2744
3495
6030
37
5833
3830
2068
1486
7540
6978
3361
2400
3373
5070
3749
372
2843
7942
4087
2021
617
2597
358
374
2286
3106
5760
2515
263
2906
4525
1507
992
7218
1652
136
4435
3091
5863
5722
7624
2038
1633
180
4591
6393
7780
3181
4354
183
3781
5316
4373
6637
5944
3638
4393
640
680
6671
6703
1468
2946
4175
6758
4725
4907
6769
4880
5052
4690
4907
6802
4680
3564
3320
5247
7354
4243
1384
5324
3613
6952
3911
7199
2091
5876
1159
7352
4372
2255
3080
659
6880
4501
5359
5909
5344
5853
1739
3293
309
5329
2334
1138
3173
3090
4260
2597
3289
3964
4080
463
3688
5711
4610
6144
6527
612
2911
5826
3694
7458
5954
4404
6509
860
3984
5988
6346
5076
5064
2874
4395
2003
3089
3293
5088
7486
3592
3208
2882
6141
3193
5747
5395
3024
6056
570
3796
2352
7202
1621
1902
550
2728
6616
4536
4310
520
1019
6465
2084
4331
6063
3630
1854
5002
4018
1111
354
4137
2751
5911
4167
3205
1254
231
1545
5971
1083
5718
1480
3980
4767
6464
5464
2184
4967
3605
5450
7221
3731
339
686
3911
1379
5239
7754
3893
5680
7015
774
4428
7830
2095
1130
2994
4700
6386
4198
5115
134
7921
1163
3608
2199
6770
3595
44
1848
6395
681
74
5314
3753
5016
4372
7993
396
7588
6071
5302
2254
454
908
1951
1389
6202
649
6583
1040
5749
7446
5952
7655
2918
6087
4486
7052
7229
7066
1506
686
1375
4577
1379
501
7502
4223
1910
2093
3293
5143
3608
7717
2786
3740
3036
1903
5969
2473
4325
5874
7893
2203
414
3472
2086
6011
2923
7530
1389
5333
5316
5112
4297
2924
4934
6091
978
849
411
2426
3647
5340
566
7569
6919
4097
1832
4973
5131
2428
6261
4462
6011
1506
709
7661
6557
1513
5892
723
5538
3107
1493
4648
6965
2038
271
4593
6293
800
1103
7440
4581
7646
6501
7529
4984
4582
6354
4384
7416
6230
4344
4112
4274
2834
693
6282
1860
2127
6111
1740
231
6570
2170
539
7045
2262
4931
3262
1493
3750
6750
5405
2229
912
7874
6233
6588
4618
3454
255
6831
7459
1989
3576
2109
3534
55
1707
5783
929
6165
6469
7597
5889
7895
5211
3375
3871
4802
2105
538
5324
7669
3156
7246
6824
3428
2027
6439
6688
4226
3529
5183
6512
1129
7977
3283
2708
416
3043
6090
4612
5129
4282
2788
1948
5289
2621
6823
4054
3034
460
4619
5599
5690
848
6110
317
1023
5850
515
2591
7003
6698
6123
6339
7119
1842
5858
6380
1988
2767
3780
2040
3001
4843
1007
7870
3086
2597
4774
5154
4126
4267
5936
695
5175
5778
5963
5367
770
1537
2117
5779
406
549
3744
278
5382
5131
1475
6291
677
1481
1189
4769
7001
2726
1480
2725
2603
4600
6409
4633
7525
2117
7643
2079
2586
6373
4412
7970
2400
3225
5186
7698
2328
2721
1466
1911
7678
2828
6084
1231
2963
2709
3383
4301
2377
7624
545
6769
5843
3249
1147
3365
5678
4944
4472
7416
2889
5766
1635
3725
1194
1929
6521
7979
4634
6241
4176
4048
6568
5544
672
5734
1513
2996
2146
4038
1620
4064
905
6374
747
4260
4376
1561
2622
1807
5785
175
5220
3768
6450
4668
608
6949
7270
2610
7065
2361
3964
1179
1763
7219
1712
5302
7062
799
3754
7965
5659
7051
13
4244
1887
1384
1847
4569
4725
6036
3303
6768
5432
2654
155
6647
1227
7986
3570
7000
653
2179
7069
1600
3954
781
3411
3303
3006
4460
2351
1301
733
422
6617
7055
4760
4523
1595
5573
6743
4943
3008
6422
1858
2396
7382
2451
675
6294
2203
4723
7275
1985
6694
4248
5467
6687
5606
2320
3789
3713
5866
7144
1748
7365
5658
4155
3524
7094
1274
1123
2269
3211
1723
4855
7240
7944
7445
3788
7597
6833
4885
4675
7265
6708
7765
5695
7194
7407
5246
1698
3714
512
750
6020
6022
919
5653
3409
5362
1565
2787
3345
7767
41
6115
6433
5614
4664
7185
5455
327
2931
1848
5945
6666
6303
1329
6117
5857
6040
4518
7582
1616
3392
797
6745
306
1897
5616
5128
6532
1258
2563
6471
7730
3226
6648
3395
2600
7872
6101
2137
7411
439
2304
6785
983
2997
5381
5399
2983
1900
5068
2100
7890
7932
1269
6907
6200
779
5208
5639
7782
1034
5885
5302
3408
5044
1666
5763
4656
516
7933
389
4801
2694
7931
5832
4146
1728
7333
495
3047
3433
7086
3073
3899
4456
6842
661
4043
6501
6726
2673
5940
6283
3121
5743
6955
4756
7211
4376
5238
6686
320
5495
3892
1165
4512
190
5694
430
5669
2666
1764
7157
1267
7849
279
5357
4111
6423
3734
7527
5539
5176
1908
47
3973
759
113
1970
5711
3317
4682
6039
7636
5777
4999
1932
1070
4739
2660
273
6229
1455
3564
7906
7629
4415
5809
7417
2178
2826
5798
5011
5861
390
2058
2902
3445
3919
1058
87
2391
992
7715
5029
5155
7267
1424
6370
950
6554
7693
5011
680
1555
2494
3321
6191
2646
2480
7254
4804
5362
5077
7761
2486
7653
1756
775
5517
6103
7311
6114
1829
7086
7733
3840
5897
1062
2947
638
5611
3818
2360
6
5895
7153
3017
3222
3279
7083
5349
6730
2354
4033
2712
5547
92
3705
1842
3258
2546
7298
2282
5842
1958
3660
3659
4348
4562
1572
2421
6113
1085
4597
7976
4884
231
4436
5002
2140
419
6831
6608
6267
7612
4686
2482
5958
4529
7939
2710
2322
3920
2807
1669
1070
5733
7175
5835
4520
5381
3711
1801
4422
2498
1568
6813
342
721
7828
6106
5784
5401
737
2930
4121
1340
6853
934
3106
6407
5189
84
1588
4130
2289
455
6778
1489
89
521
5892
7303
420
7240
5385
2169
4426
4383
4375
5454
822
3372
3911
5117
7967
1534
7567
3979
3002
382
6863
2174
5213
1141
6687
6891
2741
3991
6045
5195
2175
2155
4185
4855
200
6923
2542
524
7192
4312
2876
48
4398
1668
6352
4112
2324
6268
7021
5615
2598
6923
2729
248
5691
7881
4208
5898
516
1492
5154
6935
3411
5197
4766
2350
5940
2669
2150
3381
5195
3049
1135
1390
5466
3655
3229
2419
2243
7922
1324
5793
7531
5588
1687
1390
6913
7278
758
634
3320
2334
1755
6760
2321
5771
1769
3004
1003
4038
3470
6797
4014
3446
7282
5161
7623
4800
5554
312
6021
2565
1509
3368
3598
7017
6478
361
5775
4456
7297
4601
477
2989
1895
1265
7644
2896
32
4154
7410
2228
744
3241
5038
2135
3046
7905
784
413
7297
5895
6950
2341
6930
3217
7667
1512
2357
7109
2670
4670
1144
5568
2925
4533
2637
6551
6714
7471
2201
3625
184
7935
6803
3861
491
6039
6026
1876
1529
284
2018
318
2975
5296
7880
6960
6053
5611
7235
5449
1716
6015
1745
1724
7507
4571
4820
657
422
4886
7405
7208
4885
3780
4030
93
3348
5170
4988
2167
6869
4030
5060
2595
1731
7933
4346
4075
4128
6521
6347
3296
4112
2225
1825
3900
4430
1696
4106
2625
369
2377
7846
3810
273
2966
2228
3570
3229
5350
420
407
464
1086
3495
5550
6356
2765
6724
1982
4419
6617
3533
149
3580
7679
3096
909
6082
620
5958
7022
7606
7508
3462
2409
2374
5454
5137
919
7615
7418
2645
1181
6024
2377
6885
3365
6192
7881
2701
7304
3122
7025
6549
6579
6949
3265
6833
2975
6249
5101
6389
5874
3074
379
1519
739
3482
4650
2035
3307
5868
4381
4171
4324
6406
910
586
3015
4739
2250
5582
7601
2645
3251
1739
1806
3825
3955
7255
5263
3414
3526
4644
5555
4636
3009
3479
2505
6043
1372
3539
4685
7547
5070
1361
7144
7881
7525
5313
1266
7037
2487
2509
6484
7840
5941
4488
6683
5639
4198
771
3228
6237
2073
1411
2779
2045
1140
343
6040
5704
545
1214
3238
6251
7957
6817
3551
127
7569
1790
2619
7019
4448
1182
3497
7945
630
3778
5088
7525
4567
1791
6404
7858
5245
6196
4889
5002
977
7517
4331
5529
6710
1403
4286
7798
7505
4347
3101
4343
4504
1377
6275
3294
3485
4413
4883
2276
6432
2302
5190
3857
5459
140
5900
4128
5486
4245
5186
1163
2641
3367
6169
349
1972
1595
657
4903
7151
2420
4689
4395
3159
3072
7801
4168
2259
6472
4332
3628
2171
2908
5130
7093
6545
4293
6150
3148
2442
5388
298
5486
766
600
1648
298
7301
2527
7259
2467
7604
5165
1174
7304
3672
1967
4826
4334
7252
5748
6384
1362
2475
338
1345
4028
4533
5972
1610
6280
6541
4145
6652
510
2071
5039
5382
1233
7756
3564
7618
1586
5250
7115
1897
496
2565
799
1442
2292
6329
2208
2308
3775
2066
6088
2765
1107
916
1288
6698
4171
3701
4523
6684
2997
7561
473
6487
66
6057
1823
7605
6696
882
3030
2366
204
7823
7270
1383
1953
3998
3925
408
3628
3738
522
1448
1413
4547
1027
5459
1006
5628
7102
2391
231
1739
7965
3537
2273
3333
7333
6403
2916
1046
925
7592
2073
4504
5926
3380
1234
4961
5879
4271
2440
5567
1138
5551
6694
2691
2219
6417
6820
7507
3768
422
3450
5936
1388
4846
3520
6467
640
7639
1052
4186
5940
7132
1172
2429
3533
100
3036
7357
1368
4697
3967
2518
564
4280
1044
6159
6822
5217
4456
6236
4002
3979
7933
6106
3248
659
2257
2622
3526
6029
1028
7184
7434
6198
1010
1644
3556
4460
1278
2566
6163
1373
7430
2072
5462
2879
2196
6912
1236
7919
7916
4090
6331
3742
5463
6039
1715
7698
1380
369
5366
2418
7730
929
2120
7561
6665
7665
2360
3291
2766
701
1280
6388
4942
3986
3440
2123
413
4762
5427
5569
552
3177
7068
1404
6690
7550
1889
7119
4164
5238
1092
6095
3308
314
6992
468
3911
6301
1770
4650
5379
4407
1734
3072
3158
4048
3086
2864
7715
6027
2569
1709
7671
3299
7205
5672
4625
3034
6375
4800
488
2848
5103
5735
7083
3192
6249
4357
7737
4723
2599
5696
2884
1836
2690
1394
2910
3008
2010
5057
6781
3272
6377
2648
3245
3135
7379
5923
554
1281
5236
2834
1066
1753
4237
4902
7210
4579
5750
6370
852
1155
785
4235
734
2443
3581
5669
6542
3734
5526
2842
7627
6553
2921
3906
6740
1050
5212
300
5056
4647
6823
4304
3999
6119
1431
6403
3190
2317
5022
613
1829
7988
5265
576
7306
6966
6106
7866
1210
1778
7599
3857
4248
5941
2358
3432
6342
4508
213
2222
6192
4247
1743
7303
5563
2542
5978
3688
5605
5155
5241
2272
731
6834
5923
3055
6375
1959
7457
417
955
2188
5672
1124
250
7578
7710
5252
6795
2588
3603
3348
1553
1240
616
5213
2337
4540
951
4885
2501
6626
1786
3922
3389
480
7804
6361
7244
7012
185
3447
1655
4239
2230
7659
4947
6761
1477
4895
5378
2343
7409
411
2763
2644
5575
4463
3306
396
4713
7121
5454
7821
7035
5715
2655
1763
5144
3556
1378
4772
53
7194
37
7871
2794
7127
756
2549
2366
1210
2221
2304
1492
4314
7530
232
8000
4607
4777
2906
5888
2715
4297
4168
6712
5276
3798
1889
6408
2617
5445
6682
4748
3121
2846
2839
3367
1491
6230
1924
77
2760
1562
7039
3599
3052
3185
6974
5740
574
1069
505
871
3150
3797
6157
212
4713
3146
3862
5647
7678
7850
3481
3834
2985
3769
557
6319
6249
2438
6163
6690
3097
4312
7370
2835
5161
4784
3802
4603
3235
3010
1547
53
2219
2213
3534
7538
7071
3356
160
7120
2821
5445
4175
5596
1072
2301
3365
3986
1827
722
340
7389
2567
3045
7398
1447
7259
7406
4164
1298
3948
3150
955
870
3136
311
733
4883
4408
4429
5262
7252
2025
4725
6559
7352
2426
7867
3058
1433
120
531
5507
3504
5307
5572
2686
6730
4083
3059
3674
3920
4364
845
765
5802
843
2547
6491
3140
5857
6601
3146
2550
5949
422
5649
3638
3921
5876
5291
7210
6201
160
5979
6950
3005
7959
2989
1508
7887
4009
7258
6878
7731
2302
4821
410
4562
2656
5187
2527
4492
2998
1399
4653
7364
4641
7475
2916
2666
7021
4000
493
6875
7313
4079
2902
7830
2320
6897
19
4081
6946
7205
4115
7973
2439
3062
7871
6495
5179
1169
4390
5469
3656
7565
4350
636
5844
5759
5334
4213
1279
2228
4496
1426
3553
1748
4417
4630
3340
1541
7339
5740
6128
5658
3270
6240
5268
7540
282
3304
7411
1775
4647
4728
5529
3092
1178
3177
3129
3666
1817
4051
2410
7427
2510
488
3825
6823
4785
1828
585
2694
3973
2841
2313
7037
7631
6508
572
7697
1963
3724
6256
7077
4856
4684
2911
3774
1286
1383
4167
4766
197
748
627
7184
7921
5069
5397
4215
5831
823
28
5188
3975
2379
6184
5676
2799
1372
7338
5146
3780
7457
5049
2326
7489
2512
2571
2008
2377
2300
5600
2273
1875
3072
3052
191
4929
2455
2602
5500
2206
4307
2101
4226
2511
3950
2076
1824
7621
7684
6768
2271
5459
4460
1975
3157
5282
1677
3527
357
7628
2822
5639
1973
5354
3240
1813
1612
5210
1290
5726
2880
4812
621
7960
3254
7680
716
3420
931
3316
5578
752
2254
1172
4990
3504
6437
5065
3766
6583
2136
707
3328
5146
235
5006
446
2447
4950
2750
6254
1744
4860
4809
1041
1071
16
6763
1874
3265
3252
7182
872
4467
3695
4632
7319
7653
3670
6408
4090
6472
7535
4556
5582
7111
6431
7946
1999
941
2556
2658
7448
7683
3497
1960
5564
2460
1609
2530
5935
4755
1503
5185
4875
1402
3917
6453
1190
5761
3020
5242
4117
5766
1339
3466
2378
4915
1425
2662
7717
5062
6418
6415
870
6801
7637
1044
7134
1790
7756
6171
4564
1174
6867
4657
2025
512
5628
3479
5705
3619
6396
3327
1862
4145
3863
7941
670
3706
252
5538
2710
4340
7562
7556
3067
3197
6979
1643
6635
5888
575
810
6976
6958
5462
7626
4460
3579
1488
3693
6937
4054
4660
5399
164
5197
251
356
7157
5804
595
6297
7412
3347
2484
1303
1913
5451
3351
3721
1567
4304
6584
7160
7339
7034
4755
7499
2928
6924
805
2558
1988
4926
1879
2691
4398
550
6517
4390
7189
5518
6454
3401
5248
6357
2709
7939
2564
6702
7354
2327
2993
5083
2166
1711
3061
2106
5151
3124
106
2073
4111
4690
7528
3574
3498
139
5306
6555
2169
2797
1553
1435
886
884
1538
6572
6614
2523
4261
3508
5923
6105
2632
4608
262
2123
3802
6539
2496
1953
4271
1283
392
951
4502
7621
7750
1440
1545
548
4857
7634
5619
150
3892
5321
5319
6734
2398
2186
7083
4660
1535
7185
4285
2606
2112
3346
6831
3157
1816
6611
4378
3292
954
4917
840
294
3244
4571
98
5392
5577
1615
91
5473
418
4291
6377
1753
6059
0
2539
2990
1338
1593
4366
4225
849
7721
395
6424
2932
2783
753
2635
1905
232
6332
566
597
2119
6883
4889
5125
2193
5650
3298
4231
3714
2934
1299
6748
1637
2116
5665
2153
2574
5512
7319
5478
1825
4222
1026
3056
4510
5417
4724
6060
6067
7757
819
5934
4136
7476
1440
7432
7483
2174
487
7911
5169
3841
3855
409
6400
1655
3481
5406
4934
1332
520
4703
4499
4449
3330
5529
828
7291
5977
942
772
4427
6585
6682
7997
2314
7843
6351
2409
3845
1896
1233
5088
4140
7722
5524
5775
7691
602
7700
1780
1947
2519
6081
5162
3729
2009
544
1051
32
699
7223
7859
3217
2559
7034
5282
2736
4554
1801
6721
2384
5646
4896
4442
7145
2304
4410
5601
2632
6093
2299
1039
7707
1638
7326
3045
5307
1022
3509
876
6754
5552
989
6383
7287
2426
7160
5990
7996
3631
3916
2224
4594
6581
391
6786
875
2546
1880
3256
6629
3620
2750
6364
5147
2872
3693
5704
1933
7276
614
3174
110
717
3211
465
7777
966
3106
1666
3631
3879
6774
3628
6852
7694
3981
825
4539
6127
1906
6739
7788
7954
1177
5825
173
3456
727
6474
4558
2886
6085
3571
3276
5952
2281
6964
2687
3010
187
3676
1049
2401
3123
4091
4132
4730
3317
3055
96
7852
6699
3476
3107
1652
2458
8
730
7672
3612
2417
3109
5385
3863
6980
1320
2076
6765
464
5010
2094
4795
1670
6230
6641
5963
7151
1958
6529
6157
1437
2860
7301
2775
308
1203
2024
4845
2874
4398
4145
3135
2238
1769
5508
4722
4414
7650
2310
214
5260
6491
31
7514
5353
1111
44
2603
6124
4159
3036
1985
1418
4477
2404
2187
1442
7295
6778
167
516
6269
4413
2997
7205
1882
1668
6840
4753
6661
2843
2190
3354
5963
2436
6084
2516
373
7981
5074
2341
5806
1804
7210
7702
1385
2264
2984
3066
1986
5473
6518
3445
7517
4744
1492
3486
4566
6053
5250
806
5726
2501
849
6676
6752
2352
202
3386
4666
1046
1777
132
6955
2659
3037
133
7184
7929
590
1720
4033
5374
4284
5282
4699
923
1532
2053
4726
3871
4055
5301
4299
5352
6242
6894
3921
4878
670
2159
4936
3101
6998
7896
3789
2361
4160
1578
1495
5915
6427
1528
3151
6125
6108
1477
2263
6595
5542
3966
4779
4972
7493
1681
195
6958
2188
7624
379
4427
3869
6419
482
6188
5622
660
1614
3693
2627
2682
4951
2906
2427
4215
1845
7079
7247
2147
7569
3050
1419
228
6501
6640
1524
6337
3716
3284
7084
6257
2254
7669
362
5486
7127
1717
4004
7241
5720
4744
4020
3092
1432
6474
3324
2989
500
3451
3593
2730
3085
7305
4442
6782
375
5000
4252
5650
1395
3770
2055
2462
1162
3365
17
7855
7572
1506
2769
6873
579
6191
5836
1338
3208
5459
3060
7204
3498
7597
3305
4011
1348
7164
7403
5304
5540
323
1646
7947
5929
3812
2298
245
5035
5207
809
2619
391
3589
749
7198
6235
5730
3133
6674
2567
7633
4963
7629
6609
4146
7682
7180
5370
2790
5980
4426
3981
4737
5078
3769
5168
1867
2250
7997
6778
5473
3888
4179
7979
1627
1143
4490
1205
4003
7916
3053
2805
5020
3072
2254
4381
765
7080
1045
6536
5245
7371
7975
341
6558
6397
597
4536
4792
1469
555
6019
1688
3287
6737
4848
5352
6552
2957
328
2966
2044
3594
3776
1010
4208
2693
4603
246
574
507
7962
6110
5335
4143
4208
281
7861
1827
1559
980
3059
1521
6431
7165
7686
1555
4896
1359
7942
5045
931
2930
5329
3899
3252
4851
3450
2394
5705
7244
1974
205
340
6747
3545
6455
6535
7453
4560
3736
7038
2034
2834
4106
5899
7742
1801
5738
6543
6161
4288
7838
5883
2888
464
2157
2356
5955
7608
942
3274
2072
3008
6149
246
7158
372
5618
2027
929
486
705
4068
1206
6278
3193
17
7166
7319
4790
809
6126
6637
5928
2242
6935
6357
5811
4320
2086
1842
3890
3742
6201
3643
4549
3183
285
4927
941
672
7803
1553
5416
3505
6881
470
714
6649
4942
3733
1947
3024
6150
2812
4151
3045
5734
7535
3262
3269
7358
7295
3965
455
3735
7853
635
2559
4110
3806
3926
4475
7180
3301
6810
1212
6854
5582
7216
110
2289
960
302
7236
5216
578
1032
6186
7399
1007
6664
2407
3608
3366
301
1150
5137
7730
883
4476
7425
610
358
4590
888
6289
7771
47
5093
7819
4522
4396
1846
5086
4156
6974
5958
6692
1105
3168
4332
7892
4978
2164
3081
6978
4023
3785
5442
4311
6776
4129
7724
6634
360
417
554
7898
5565
4880
1364
4705
4815
772
2736
3935
7204
753
327
1390
5184
5473
2756
7015
2895
7011
2997
1997
4120
6094
3192
2989
7699
5274
7462
3618
1198
4822
1330
3862
7769
85
5300
7278
6051
2410
1603
7749
691
3398
4807
2280
4012
42
7229
5054
2479
3758
1167
2681
4952
950
2628
7152
2878
2357
7187
643
3031
6108
5748
1685
7703
1053
3312
2914
7569
904
24
1918
6156
2858
939
5928
3131
116
4591
7371
3957
1238
1011
4735
2474
6202
1579
155
7196
6168
4574
588
670
3827
997
7547
3064
6955
4757
7317
7774
1334
393
2362
2848
6629
6908
7074
2837
7215
873
6891
6738
7502
6366
7141
4907
1818
2148
4758
4545
157
3785
7741
7286
4349
5808
4574
631
2773
3666
6320
4502
3929
1677
1679
3054
5126
4473
1812
5883
417
1641
1686
304
627
7670
6128
6619
1288
6053
5907
3096
1554
7016
224
7633
4537
4500
1368
2868
6306
2689
448
251
4547
7653
5722
824
7918
4659
4396
6527
2352
596
1610
6342
5805
4727
5419
3149
3314
5284
6238
2039
4857
6112
6826
7698
4917
3155
5161
4615
6222
7675
7982
1036
3024
7238
2912
3543
1436
3813
6502
2805
7962
2050
2359
4483
7538
5595
7074
6515
6962
6176
4398
295
670
2112
863
3129
4456
4958
4703
3681
4563
3418
3509
5625
3792
7608
7507
3012
3537
678
1883
2668
5684
1692
7604
2566
4345
5759
7147
7631
6422
2290
7364
7437
4638
2368
2747
7855
5836
646
3527
6262
583
2538
1570
6957
3671
7858
7099
7044
1520
4827
4214
828
2229
1220
4055
1234
7860
7728
447
2724
6214
5188
5574
7055
3970
7841
806
1958
4579
7637
6480
7789
979
3062
7708
3113
3637
5679
808
7092
6000
5873
2313
6220
5736
4518
4077
7797
3161
1140
1307
5929
7703
6040
3048
6114
4332
5465
2306
3736
445
483
7578
5565
2250
5866
5622
6748
2025
1178
5718
7905
3037
760
5611
4688
7248
1950
6510
4203
3521
57
1289
3333
4126
6892
3079
2499
4302
1705
1748
6808
6131
3827
1921
4357
6700
4057
2529
351
988
361
1990
4684
3551
7354
440
7777
5391
2180
2254
6255
2094
754
2070
7463
4145
2711
2407
7290
735
5172
2084
7613
789
4373
6180
7279
7548
4746
5572
1683
7839
7303
6991
6567
1265
6885
1848
5493
546
4401
3866
2194
1569
3945
61
228
4889
5144
3468
7718
7151
1677
6496
3473
6590
1357
3356
1584
440
726
4199
5305
2680
2236
7336
5054
6486
6133
4461
5929
7015
3289
7630
3524
3999
6272
6206
2285
1820
3785
3875
3888
2031
7106
4822
5550
7317
7072
2401
3582
4067
6085
7373
3028
3434
4802
4698
6564
3820
4019
2900
2099
4183
7893
3623
1468
567
3231
1964
7903
1079
5382
2467
4884
7434
4961
6021
1860
6304
1862
6844
3645
6193
2175
5697
7721
4614
4256
6034
2397
5050
653
1979
4655
635
253
4306
2146
6060
1073
6548
5191
6614
4352
3865
3691
4228
1256
5358
2195
4133
6437
1523
6588
3025
6544
6167
4766
2027
7294
1071
7343
427
4058
1954
4544
2835
951
6084
146
7527
439
43
107
2074
456
7308
6464
5881
4551
49
5324
666
2391
345
1711
5512
1489
1071
2893
967
6119
2716
1434
2863
6606
1327
4551
4691
6146
7130
3053
2635
2701
5787
3856
500
764
23
595
5683
598
1656
5388
4841
66
1636
5122
2210
4014
5266
4656
6320
3601
4220
5114
7298
350
4145
7801
5462
7250
6180
390
4451
6762
397
2776
4983
4311
7633
4458
7204
7625
6227
4801
4326
2338
6498
1537
2603
5495
2854
1264
1450
937
783
4548
7944
3101
2429
3612
5828
3904
1128
6012
7440
1384
6307
7858
2397
794
3290
3873
7458
1992
5868
1588
5908
1760
292
3341
4228
4912
3460
5104
2444
6180
4148
2055
3764
4625
2046
3587
0
6302
7555
1150
3381
1879
180
6296
4879
4188
2438
4510
2585
5229
5611
3011
5992
899
5888
7614
6738
6594
484
5320
3912
6474
109
12
3262
1611
3482
6814
785
6063
6548
2675
761
2150
7602
663
6324
160
1985
7548
6943
1172
2458
3350
5868
505
1479
7172
56
3277
4867
2601
4675
2671
3318
2551
7532
1981
6290
3250
6657
4982
6501
6497
2306
4323
5649
6581
4148
420
4858
4508
3993
3281
5197
3988
3288
3627
6458
7356
202
3398
5117
7793
3212
3432
7466
6269
7885
3244
4204
6282
7815
7806
1908
7433
27
1463
2227
6533
361
7091
510
2069
5084
6263
2663
2635
4346
2818
2876
3538
6686
969
4362
446
4007
2445
5274
1492
5952
4939
6195
6940
3236
3132
6426
480
873
6170
4050
7689
7089
7022
501
4316
790
4400
6278
1137
2169
788
1420
4390
2598
3432
5409
942
6929
1337
2598
2264
1411
1337
5638
759
4939
2094
147
3304
1657
4202
7859
1381
2706
1422
2829
517
3391
1657
3750
7652
2623
2375
7734
156
789
5863
812
7313
4496
3773
2100
7165
5383
7299
4232
2866
7798
7191
1408
4593
1369
6038
1811
3040
2628
4603
324
2262
160
6531
4104
1399
3393
7508
1014
4629
1434
4140
3193
7134
3397
7695
51
1844
7991
6591
2007
4386
4998
5849
573
179
6724
7927
6860
4809
250
6333
7771
4920
2039
7652
76
5297
767
1451
7981
1665
4734
5933
3116
5367
441
3768
413
5159
586
2342
7063
3115
5866
4928
1304
5763
6085
5142
7535
151
7297
3081
3111
719
3112
5385
3864
4932
4576
7785
3313
6914
1260
3971
5418
4257
4510
4733
2341
3486
5126
1279
672
1783
1527
438
7124
107
3190
4983
462
96
1010
7817
139
3853
3751
1689
238
7878
7335
694
5232
1796
6140
1332
7588
2950
3132
2162
7687
7151
3476
4545
615
2528
1467
1950
2403
911
5685
3686
66
1474
7567
3723
4491
7500
3769
3706
6984
2635
1535
7996
5085
6980
7164
514
5408
5910
6140
6195
1924
1062
830
1287
5606
983
4185
5486
4692
368
5222
7149
7727
3826
2070
2492
3902
5099
4267
5384
6507
3412
6390
2684
4540
1852
6995
4822
1350
55
5889
2872
2617
4176
2630
3395
971
1613
7209
4809
1431
3360
7911
19
621
522
7729
6236
1013
6793
1989
5325
7715
737
5969
1516
2257
2965
3027
1208
6718
5444
3081
4714
4488
681
3792
6929
6937
369
250
7501
1770
1408
6524
6607
2814
3298
3895
5001
1669
3885
6115
6139
7594
4986
4561
2081
5744
4765
3355
7506
1091
4405
166
4410
3339
6273
1172
4505
4610
2332
6182
2636
2063
3235
349
5660
6219
5059
4311
1677
296
2443
7552
52
3807
6924
7171
6145
6131
7755
2887
2837
5991
1282
7821
4229
7298
5856
4901
7851
6611
1981
7184
4789
7150
6055
3275
1718
5349
5257
4910
195
496
2185
5688
1536
5719
2936
701
4052
3630
7219
2833
2880
5350
4552
2254
7571
6163
7904
658
6297
5405
892
7929
3612
1077
5504
2766
6339
440
5370
6108
5428
3736
3010
3641
7626
727
5792
4581
7066
456
7619
580
3367
3447
3088
4118
2462
5352
6947
6814
6983
1522
6599
235
2723
5166
7302
5349
4872
4325
3420
2164
119
2755
3302
3916
7824
995
3574
7060
307
7891
4059
2423
3672
895
65
2734
5463
3154
963
2811
6472
3971
369
1965
983
7467
3277
2481
5639
4231
5825
4741
225
1037
6401
3649
1691
2474
5128
4147
1897
4813
3916
3968
2350
2120
3711
6904
6492
4370
3700
3593
3326
7291
6148
7652
3025
553
2400
5137
6138
2059
5840
6809
6841
6803
3311
3692
7465
2873
3481
1057
4660
2148
3291
5609
6788
6872
7015
810
2586
1249
4577
7068
6095
7070
405
5377
5673
5726
1433
1332
4665
2047
6513
2019
1505
5529
847
2801
6655
4400
7971
1733
2296
1272
5621
7458
4840
461
6720
6735
3840
7561
7588
7631
6024
1308
4670
3641
4403
556
1540
7866
967
3986
2061
3625
1581
1478
2026
7927
4199
410
7625
870
7400
5806
2626
1312
2524
3809
2797
2141
1475
961
7234
1667
6175
804
2204
1464
907
852
569
190
2299
6775
4688
648
814
313
7135
2581
5288
5395
4013
7338
7377
7664
155
3354
3450
2211
6727
3803
6655
7994
7968
7176
7257
2598
3861
4708
2469
3406
5042
3811
6755
4260
6857
2363
7398
653
6294
602
1008
3076
5540
2790
1264
2953
4859
3881
5113
3659
1726
4792
4642
631
1952
1577
3373
671
4346
7953
5693
7977
762
3283
3769
5728
5770
2979
6021
3997
7195
5459
939
6359
5297
3669
2682
384
6528
3514
3633
6371
2052
3033
5206
4731
3029
4652
1969
2260
5399
4511
6756
3301
6676
6998
646
390
3763
2921
4426
2341
4352
7705
6795
3399
7788
1940
4429
7313
5515
3425
5098
6657
5986
460
5367
4493
790
5701
5224
374
6653
3785
7333
2782
1606
1576
1506
2991
4932
4818
4876
1673
7995
5723
5523
3747
5234
6210
5979
5258
1547
811
6867
2955
5167
1970
670
4336
7091
1278
3871
3702
7122
536
5240
3263
2474
770
6974
3981
2173
6306
5468
1881
1498
150
2196
2153
7273
5790
6090
3299
3621
900
5987
1241
3851
2018
5265
4809
3660
4684
7200
1730
2899
4947
522
4966
2875
5246
6591
7018
2710
3312
7572
5293
3721
5566
356
2913
2443
5423
4112
6980
2334
6416
5065
1831
2738
2722
7008
6881
3425
5276
781
706
4980
7368
748
7507
927
3133
4194
5764
7519
6160
1348
5167
1324
1591
5670
4884
5352
1961
1602
322
6487
1091
5238
3554
264
134
5916
3298
4927
4760
1068
380
3784
3119
1750
3062
7201
1928
997
6323
4478
637
4179
2529
3057
3285
2272
5535
1371
4695
5670
1106
1662
6648
6112
5608
4199
6253
2613
1807
6424
6605
6775
1290
1818
719
5605
5395
2429
1683
3188
2424
5225
6881
4875
4464
248
6967
7670
4455
6747
5631
2905
7734
5073
2328
2308
6726
7440
2206
4604
6169
5615
5154
7579
7326
6769
5649
4254
4772
4062
1800
1419
5001
4427
1999
2603
6515
503
7019
7330
6586
6010
660
3722
7133
5857
4866
5697
3830
6398
697
6082
7587
6055
6823
6139
3885
6234
1573
6407
7209
6078
7093
5601
4279
2519
1499
1563
7268
2632
1929
2855
1204
285
4468
67
1504
5417
4801
4769
1731
793
833
5051
1404
7399
2070
3687
749
4176
5824
3805
7151
5135
7219
5857
766
4902
2949
4373
5080
1012
2042
4309
3873
663
7784
7585
7340
1474
1197
5683
6772
7818
5255
3481
2449
4887
4169
6647
2091
7469
6857
555
2209
7766
6394
5987
7983
7780
434
3478
7218
6192
3287
4644
5630
2199
4152
2579
531
2876
2455
7450
2826
945
2870
2517
1417
893
7225
5125
4681
1412
4205
537
3833
1642
2182
7100
5602
5278
6017
7488
2867
6934
5643
3035
5650
2764
3286
1706
250
1866
6563
811
2730
3348
152
6231
1406
5943
7047
647
4723
3631
5428
4893
3539
5850
4603
7285
3071
2683
2499
1840
3360
1482
6043
6547
5650
3730
6445
3999
2453
5168
3156
2706
5532
3007
2043
7438
478
6806
2710
3516
6186
7178
4786
355
6328
2804
6577
2182
177
4166
6148
4324
5964
4534
4296
248
7018
4776
3882
2566
4616
2468
6031
4234
2453
5370
2162
6524
6370
7839
1510
7700
2438
5490
2407
1127
5160
6858
2386
89
298
3447
4269
1481
430
5689
5202
3595
3175
6800
7076
6407
5835
7746
1951
7185
7168
4472
376
3876
5984
7852
3374
4040
6171
4819
5457
1141
5119
7594
5026
1720
2114
3910
6960
7354
849
69
7411
1814
5922
6397
5047
5406
5469
2228
7950
5319
2555
4643
681
6301
539
6754
6347
4035
1146
3790
6268
5079
3876
293
3039
1756
4292
6628
5723
839
3734
4980
2210
2804
0
3252
3182
4906
851
1216
5378
5451
236
6124
2180
5543
3503
7496
586
4431
6692
6919
6768
2537
97
3564
11
7283
7052
2159
5041
181
7937
3673
6618
6481
2420
7565
6655
2262
3770
787
4193
2802
579
4288
1626
6563
3651
3719
1690
1345
7279
1200
7801
2975
4657
2460
6536
3292
6785
3196
3989
7022
3053
6186
869
1963
5482
4394
3341
3696
4087
1588
7823
4148
7064
5289
2336
7386
6687
7525
1748
1028
3873
5
5791
530
533
4204
2836
6316
4760
7755
3113
2134
4887
1046
1667
5672
7053
2545
620
4098
6318
2773
3676
4481
6035
2796
3133
7734
3496
1678
3493
3342
7835
1741
5322
3101
771
2656
882
1587
3135
3967
4349
1686
659
2018
4645
4995
313
3112
1126
953
7622
7805
6997
4230
3074
1646
7682
467
4430
2410
1161
1648
3363
4049
4504
2598
7122
3902
2137
5145
582
7921
6185
7438
2273
3983
3568
2643
1246
6819
7643
7434
3008
866
1435
2480
1809
1368
2091
1319
6265
927
4000
6425
5247
7337
1524
4939
4242
3605
6803
429
2681
5586
7864
5232
3594
5619
1483
2343
3595
780
4986
1055
1684
4129
7392
2517
7051
3837
1671
2429
2399
4503
6177
6509
2612
5775
1011
2435
4337
1187
207
5550
3700
7786
2333
4909
6520
5690
6366
6919
2058
1288
4235
7348
143
7945
6323
1088
3873
6315
6458
4157
742
2296
853
3870
6551
7164
5057
5453
1603
29
1704
1599
5639
42
6006
5785
1047
910
3467
7984
463
6270
2212
1045
3365
5309
1870
1288
3281
641
2371
1499
5595
3758
433
1713
4444
1778
7064
7712
6859
4800
153
862
4424
5184
1498
5518
7933
3913
7420
2045
3189
6788
7089
1014
1547
4301
3679
2376
3300
3269
2159
6216
733
2957
1946
2873
662
547
7990
2111
2237
7229
4737
3540
5834
52
1415
6547
1536
1518
1518
5927
1536
2710
5203
5497
1902
4557
4024
3718
194
3732
2745
5596
6220
2061
882
6808
3486
4228
2667
7174
5053
4320
6821
925
5096
3543
6380
1458
3793
7654
538
3655
3119
4663
2752
5309
4508
1408
6647
5421
5826
6454
1554
7198
3138
7232
2380
5869
6649
1931
7537
3785
6745
486
2645
4307
6472
943
643
6638
5381
3013
7685
591
5184
4387
7502
375
7
1868
3875
6344
881
2471
1540
6192
1632
1857
4649
7657
5095
7359
3952
1041
7252
7859
7079
6825
3502
345
5116
7082
4735
4671
5389
5106
987
4417
823
3964
6780
3249
6996
7550
2765
1271
5441
5467
3287
6777
2220
934
6861
2415
4125
5158
3423
5306
942
4845
6490
3403
1782
5801
3018
4173
6455
205
6330
1388
5232
1492
2543
381
7863
2122
6113
4031
5696
5293
859
2058
1446
7105
4164
3526
5170
5472
6136
5824
5395
2719
7393
6123
2031
3095
1457
6310
6516
6183
1110
3157
2789
4805
6380
6467
6286
3183
2953
4210
3887
6040
1848
7771
6319
992
4619
4084
1766
3741
3740
4441
6891
4605
2966
3510
860
413
6114
3374
3919
7034
6352
2094
3
1263
713
4288
657
6029
7726
6073
327
3690
5645
3059
4293
5474
5186
1098
6945
3330
3130
4461
7966
684
5289
3264
7976
361
757
6633
4867
7579
481
6371
3834
7050
7460
1305
2087
708
6760
2038
6393
6882
304
1211
186
2596
452
2447
4232
5154
1445
7987
303
7170
5327
2578
5065
5781
976
5739
1485
1157
2780
982
196
37
6863
2587
6046
229
1528
3733
4039
1294
2095
6789
564
7368
7922
879
5136
5032
4898
258
5679
2433
103
5686
4429
480
4097
4375
2925
4487
6648
2243
1300
6394
4015
5657
500
5696
2173
4093
6570
6516
5986
1496
6954
7999
6397
6360
553
2019
3443
4549
4146
5232
3405
585
1776
6028
2078
4360
6633
6096
33
3987
5528
6968
2055
3144
3095
3823
536
4193
1537
5533
363
5345
3319
1043
3846
5625
3467
7693
1626
7374
4371
4533
1598
4736
1692
3961
3259
2451
4385
4716
1131
4546
635
1940
1842
3127
3513
406
3199
864
5435
6699
6937
5328
6102
6050
3874
7851
76
3627
4985
7718
465
2138
8000
7146
6426
2288
1319
3371
1267
7451
4777
6652
6447
1978
7483
1274
6427
6627
6292
534
7787
6559
6908
151
7247
1067
7930
1828
6998
7594
3141
4642
1671
5484
6356
3730
2914
3935
3057
5539
4643
6654
3879
7856
7946
5427
4139
2672
5894
7859
4054
4134
1976
5911
5548
178
1065
6419
4872
4688
4597
5696
3701
3094
7113
7206
6323
6792
2635
2206
4423
4529
7347
4874
2015
390
6064
260
2682
445
1021
5030
440
1924
3268
6251
2055
1228
5361
1338
4738
5385
2663
7705
4582
4894
6612
7847
871
762
2884
445
4851
3958
7603
6741
830
3055
4609
5518
6353
6325
4662
7237
7681
5943
5050
152
1056
3570
1588
4110
6427
2288
7262
2902
4161
5395
3553
892
1429
3833
6449
7990
7590
2134
1875
2630
6077
7769
4678
2089
2302
7506
7331
3924
5180
7853
2268
3310
1394
3250
6307
6356
5807
7987
2346
6528
6607
830
858
4411
166
2338
3916
2533
4122
617
5532
2572
2253
4169
7681
7902
6621
5203
133
1822
843
7626
3344
6547
3320
4906
7180
786
699
4198
6594
1287
6016
5858
7213
5513
7289
4766
4878
2053
758
7275
3883
2927
848
5372
1848
7733
1719
3492
4225
4185
7747
5192
2
3156
7454
896
2966
7863
4869
662
7032
2982
4225
5729
956
4703
5976
66
5045
2154
2887
5534
764
4513
423
3257
1872
709
3262
7847
486
6777
4755
5126
5880
4278
1660
139
1618
6183
5319
4119
2299
6406
4706
4973
6913
7762
2093
7514
5731
201
7137
103
5049
7575
7604
6712
6519
5381
3915
977
2488
1206
6447
1061
7769
2359
5205
7556
3593
5015
6627
556
6030
3135
5119
2424
919
546
4
675
5770
1394
5395
7151
6167
393
3589
1109
5608
3750
607
6107
7939
7707
5277
1654
7370
6583
6789
2965
7270
3057
2584
5748
7107
7586
6705
6756
5327
7314
7192
4441
530
376
5326
2457
3322
3986
6135
5237
3987
4399
2452
2271
893
7776
272
2012
3460
4188
6650
1310
6824
5110
5599
6326
2494
2968
6331
389
5873
195
4983
4586
5133
3514
6158
7241
2458
1759
516
2509
7613
40
3095
2357
4213
6045
3459
161
2829
3266
4023
7870
7977
455
3694
6430
2490
5241
3122
6113
4569
1469
6802
5477
1737
7983
6507
5762
3654
1184
3708
5098
3388
5670
6012
6883
301
2723
6335
7265
5595
2662
3680
7262
2698
2159
2748
826
5768
1224
5250
6368
985
4993
558
7028
5082
4777
6259
4074
3815
950
5090
3834
1341
2922
3976
1264
1555
774
4838
1594
7812
5604
6316
4711
3749
5067
1311
5896
5385
5474
5562
3729
6008
3636
6040
4527
3784
7507
2911
4782
4752
5915
1567
6795
5800
3973
1218
7840
7367
2926
7592
3513
7448
3467
2777
7374
3751
7739
2209
2598
529
4291
6883
3803
3752
403
4210
2498
424
3375
6280
6716
7565
3232
5241
7420
1197
1712
5292
3870
7589
7173
7866
4235
5162
6740
5874
1626
3014
4090
5181
2521
4509
7016
4853
2561
1967
2085
5510
3430
2409
2707
6139
4389
5927
1818
6750
5561
4099
7169
2309
4797
7039
3586
388
7301
2702
3395
6779
2186
4447
3672
7315
7944
502
2435
7737
4605
5073
3543
6529
6022
825
390
6991
3320
3409
4479
4151
1529
6842
5952
7708
6981
6970
4646
73
362
348
6438
6293
7230
7950
3218
5800
1691
7987
1480
7280
2114
5202
2063
228
1534
7845
4618
6265
4184
2225
7133
471
4871
3676
4226
7092
1953
7109
1852
1589
1935
716
622
3919
1792
3890
1030
5173
3544
4991
4808
6480
7964
632
5077
4510
3960
2123
4570
6129
4796
1995
7689
1559
1362
1524
7426
5365
5633
1350
6119
2126
2696
3616
3863
7305
1671
5600
6408
5425
5188
6766
3402
7439
5287
3692
5446
331
261
6261
864
6011
2172
1918
505
592
5983
4700
6529
3215
1310
3838
720
6982
4997
3039
7283
990
3404
2622
4665
3823
2657
7228
52
2407
6465
3603
2639
3935
2659
1458
7701
214
5475
5265
1792
1374
881
4777
7286
6580
856
156
3980
1870
1435
2674
968
1055
4948
830
5195
6871
1667
126
2872
4607
36
7252
7192
3356
6795
805
41
6498
5720
4494
3073
344
1299
1174
1031
7528
6697
7411
1792
3766
7135
2304
3362
6269
965
3218
1342
1949
2855
6995
7687
6013
4304
6669
3335
2313
2131
7460
480
733
3150
4910
4055
1061
4221
7871
3203
6582
1759
7943
1358
3745
1333
3490
638
4943
3816
2842
1857
1130
7445
2493
6211
1942
7357
2701
133
3100
2041
4217
6398
4047
4365
6759
1631
1426
2781
4340
7184
721
2914
3411
793
4360
3433
2891
6411
7509
4609
5949
5407
900
4342
7119
6335
3572
1273
3097
5308
4631
3571
1253
5026
550
1636
5331
4248
391
3863
624
5850
6327
924
3784
4180
6985
104
2601
3957
298
3265
5975
2125
6055
7842
7284
1212
3761
2042
94
5313
5000
6433
5220
2093
1527
1680
981
3620
3381
5943
5120
1950
3294
5878
2655
4711
998
6845
3900
6796
2791
6872
1759
5780
6029
1582
6234
7977
5826
6840
2126
5603
5914
1672
2279
3874
4963
3411
4962
4406
4480
4423
4749
5444
2368
857
1755
5581
3633
1876
511
734
4095
5281
599
2943
7105
4078
4366
457
4851
6318
5783
4395
7137
3277
4993
3016
549
4914
4610
3391
1294
2648
7865
2150
5593
633
1538
2935
1424
687
3734
47
7878
1776
7553
5518
7841
1987
4121
4820
6454
1258
3173
7616
102
6266
3411
1093
3016
7569
2387
1414
2124
4220
2016
4608
6043
7280
5951
1584
3612
4724
2156
2624
5744
4701
3808
808
7885
2248
1036
7685
1856
7970
3507
119
746
7665
5974
5649
6699
3491
7779
6321
6038
4957
6458
3301
1132
3641
4008
5755
5601
6194
4432
1743
2153
3194
5803
6915
7713
414
5861
3173
5623
287
4343
2323
3757
2255
7409
5701
3920
7824
1756
124
4995
7668
4500
4770
216
4179
7341
6379
4135
6501
5164
7306
688
352
5925
5424
7038
7611
5588
6700
1993
4840
4066
7351
1568
6193
4177
6273
3847
4315
3402
4968
6874
5313
6665
3613
5018
6155
4034
5159
1784
365
4106
5964
7904
3023
7699
2688
5155
4724
3546
4665
2347
4915
6760
860
4773
5138
159
6361
5723
6084
7044
545
84
1483
2605
1656
7599
3477
3915
7399
6394
6489
7191
3455
4560
5774
70
6893
408
4421
1424
6908
546
5596
7320
6895
5000
6774
2381
1202
6246
1595
2831
2053
4302
1522
1108
7967
2656
3375
2677
428
6857
5937
6925
2816
1615
2453
4146
1464
7906
4164
4818
1536
6645
4707
206
1632
4730
4569
2750
5438
2367
5099
3084
7866
4523
6703
666
4072
7862
6725
2907
2704
5581
3602
3314
1563
1410
6243
1801
5759
3296
2836
2249
5580
5958
7590
2713
2432
4830
5460
5083
7117
1224
292
5048
3745
2782
3055
6027
5495
4028
2961
6473
66
279
5834
6426
7008
4353
6753
2269
5595
5084
4060
4690
207
2531
6407
579
5012
3006
1994
856
2833
2250
6407
3954
2509
3912
3497
4137
4264
2568
6388
2069
676
2970
7175
234
5028
6251
363
6298
3821
6
406
1803
1014
952
7509
648
5956
1007
6886
4288
686
3918
1575
7706
7251
1230
5386
3575
5479
1536
1571
7605
3542
2551
7250
856
2987
5962
6651
1554
1249
1654
7554
5709
5932
1314
1886
141
4072
710
1835
5648
4148
636
6078
5395
2013
5252
2577
5308
6588
434
152
269
5548
4312
2029
6801
1344
3392
7735
376
4055
1965
70
5431
2423
755
3614
5913
6331
7737
5969
356
2991
5325
1884
6445
5496
4847
1196
7490
7768
652
2973
169
4054
1530
5995
1618
163
570
4277
979
615
2680
1919
413
5527
438
5421
369
414
3437
6028
4839
4144
5847
4819
5804
3985
1166
3897
5594
3223
1127
3600
5408
2220
3773
1146
7836
7081
7854
1636
5801
6041
1412
5534
4191
1962
4330
4507
2634
3106
3646
7972
4167
2305
2662
5784
3299
5578
2248
834
25
4328
3646
5974
7976
6423
20
3700
3247
159
3408
3392
2260
2626
4694
6194
7125
2371
167
5721
1074
3280
3083
1056
7214
4793
4799
5590
7031
7598
3434
5655
3888
3228
2639
1648
6606
1650
2475
859
1533
435
7856
5072
5174
7766
3632
1907
6053
7782
5731
6986
3859
6700
497
4084
77
4632
6060
2613
5166
1072
164
3130
6456
3778
4845
411
1414
7740
4973
3787
5215
1388
7435
5962
3620
518
2812
1861
1761
1775
2059
3584
118
1982
2724
7364
5526
7110
4820
1304
6767
1161
4110
7136
7000
3643
2976
2060
2264
4311
809
1887
668
7341
7582
6623
3885
1430
4267
7921
871
5874
2469
7457
5638
7833
224
5607
5222
1098
3782
245
2559
377
195
6734
4161
5545
7492
453
3664
1600
1937
1283
3277
5476
7024
4269
3413
7698
3474
4108
4270
5602
7761
2337
7667
2673
6801
6532
3442
2569
7565
1352
4700
3763
4921
4352
5109
6395
7153
2804
6899
5197
3326
3405
1102
885
7040
2078
4093
6872
5177
7720
2224
6031
4229
2657
1970
1333
2277
3153
3105
144
6289
7851
1966
4370
1127
6813
7010
6058
5643
960
4930
4415
2895
7695
2434
7425
5238
6856
1519
161
4453
7378
557
3748
4870
6322
6281
4632
5618
2541
4026
6822
4709
1408
262
687
4259
3237
5066
7292
4500
3673
1539
2644
7946
2720
3135
7571
3982
5158
2584
3751
2387
1955
2498
5574
4625
1445
2506
479
5270
3471
4498
5260
7600
5273
4225
2378
2334
7518
3810
2260
3373
900
1246
999
5098
5419
3375
1660
3624
6254
1075
7494
4957
7496
6801
4165
842
241
4791
5409
5161
1105
70
1221
2220
3086
3692
3701
2206
1921
3506
4547
43
3766
7201
7489
4734
4958
2878
2587
7360
5293
610
3842
7311
185
4847
7915
1014
7634
7870
5635
963
3516
2683
3320
3471
443
3751
1990
5710
5785
1560
4673
1570
4615
7363
1751
1241
6509
6314
3359
3369
6814
6776
7670
7003
5866
6256
6451
3482
253
5265
3748
6226
2778
3723
1186
4948
879
644
2847
2402
5053
757
3399
184
4728
2915
3505
7461
4101
2973
6178
1127
1213
2878
7598
3073
1845
683
5684
3916
161
7507
4478
1799
630
1215
5948
385
3356
1546
5626
6929
698
6536
1287
3030
2590
2938
6133
1463
4453
1575
7328
466
1562
4196
2423
4905
717
4429
6740
2995
3197
1252
7833
356
1682
1422
6101
513
5671
2125
2353
5207
4196
4822
3269
2193
1357
1079
1924
7009
4069
107
1328
6072
7109
5272
5569
370
4277
2472
3142
4671
6566
6111
782
5224
1260
7294
3966
7839
5366
1792
722
771
6657
2413
4511
6579
2844
3012
4973
6624
5072
1287
1713
1732
3891
1484
4662
3033
3914
1284
3674
1321
5314
4145
3108
825
733
646
282
6777
2313
6464
1788
3916
7771
7169
6241
6530
1988
2846
1500
4823
2858
342
3497
4753
2068
3432
6592
4900
1586
7867
1194
2748
2017
5096
3258
2128
6756
5393
379
4989
1543
2748
689
4001
2122
2979
5927
4080
6334
7597
4559
2444
425
2867
5289
3136
4557
2570
4472
4166
7829
3023
5929
5582
7850
3772
7400
7242
1988
3498
7264
7345
5508
7654
1851
4563
843
1584
7608
4453
2707
1857
5667
2171
4031
1263
5393
689
6647
6658
5327
3852
7534
3135
5686
5779
3410
405
6706
3285
722
4758
7468
1550
90
2467
2714
5825
2648
135
6114
5434
5208
2035
6825
7891
4312
7055
2756
5148
7976
5463
7169
2119
5537
4168
4300
1030
3398
6903
4093
7632
509
2810
6147
6663
1767
1176
4927
24
3677
1852
957
6715
5861
6272
6974
4982
5455
6937
6631
433
5672
4312
4328
7979
3756
3908
1774
5475
6040
2860
3724
7409
420
7679
6636
1045
5823
42
5844
4887
494
5221
4041
5171
6598
6443
2568
7947
7074
45
5650
3970
7866
1346
899
1719
5318
6218
2854
125
3620
4713
645
3651
2568
2597
6
912
3414
5710
7217
2422
7140
4223
3364
1059
2646
6344
855
4734
7409
7419
852
3390
3906
2125
4448
2697
5304
2981
2609
68
1551
3595
7756
3974
258
6337
6866
3358
6717
6979
420
7351
4813
7652
1004
2383
6489
6704
4254
4641
1970
6909
2809
7264
6412
2235
6837
1091
7456
109
6641
3629
7238
645
7129
5342
7658
2313
3866
4962
6913
4110
1930
3115
2652
1701
6353
14
1500
7854
3959
6161
1987
2840
7264
2998
6276
2718
5552
5779
3488
4943
1585
4574
2246
2022
1920
5651
1078
968
2227
6853
3508
61
1782
1022
7616
620
4891
6651
6643
2782
4128
7411
1342
3317
6117
6734
5525
4222
7914
2960
5379
1247
6722
1758
3085
1044
7871
7671
47
5907
718
391
754
970
3800
4725
2957
5916
4192
4042
3073
7305
6539
513
5290
1560
3645
3939
2376
20
2280
5092
1019
3346
3888
101
1430
1384
5916
4254
4746
3581
7917
7535
5367
585
5816
2565
6825
1100
4750
3098
2586
4853
1362
2532
1625
5867
1344
2991
3141
5245
5128
4097
2088
342
6001
4945
2775
2341
5127
6183
4693
6458
2640
3571
398
971
3891
5507
439
5021
3499
203
466
5205
1889
7390
7961
2362
1739
6937
3828
5450
386
5652
7753
2724
868
7278
4299
3885
4244
7786
7588
493
6670
3055
2370
115
2799
4231
1896
6932
5933
966
1659
1235
5077
2591
639
4407
305
1012
7353
5694
399
3988
2157
6065
5385
5360
7604
2591
4085
5924
4900
3605
6432
6827
5058
6582
985
7754
5032
1190
3905
407
5602
3678
3877
5642