1070
1096
6332
9507
7868
9481
8314
9173
2812
8644
2369
939
7168
1456
1529
1327
8280
277
3415
3928
6939
9096
1146
8417
340
391
6690
676
3762
4975
2190
2307
6314
3193
33
1543
250
5057
2167
3266
755
8623
9521
5802
5547
2391
3371
1586
6074
3140
1860
9867
5501
8439
5274
7051
4821
6961
5177
7252
6225
4913
3272
9301
6261
5479
1951
4696
6167
5405
9154
8618
7729
7570
5294
2241
4478
1030
207
7892
3851
2594
6391
7799
9266
666
7587
6388
8208
7232
9225
1548
6968
5639
3709
2432
8843
9599
319
2732
7369
1524
7134
9086
3474
4237
4094
4698
3891
5207
9530
1151
1532
251
5018
5403
8275
1387
7841
1800
9686
6100
8861
814
3201
9498
9366
8590
1903
5747
7209
7088
3086
4041
1643
859
7613
3619
1722
4320
3084
6711
178
8826
3550
2958
1423
5268
2121
2291
1604
4359
6582
2243
462
1202
1094
8419
246
8881
6183
4654
8893
1230
2894
762
7026
8743
6258
213
4446
9516
8315
8543
1869
1854
7415
3590
7973
8854
1796
9054
7402
4399
2699
189
3100
2639
2793
6119
9590
5634
385
7679
1076
7419
909
297
2377
2088
554
8876
2174
8872
5849
100
5848
2285
9730
1791
4065
2505
7142
1456
1796
94
4451
7980
6517
4890
8889
1646
8578
1437
7691
5721
2637
5997
7120
9462
6977
1097
5919
7623
9999
4934
4472
9365
6730
9606
3826
4778
9143
6482
2999
2360
6080
4416
9815
4317
9019
5520
5892
6359
6808
3814
825
8382
5016
1685
2506
3504
5627
5503
3500
9101
7657
7134
8851
2995
7626
6984
8875
4842
5347
2520
5276
5372
9034
630
3992
6993
2673
7462
4256
2539
8091
577
8577
577
5814
7798
5903
5515
8380
3337
2332
4304
2476
6645
8815
986
4586
821
5508
6928
8079
6856
4637
9200
7479
2945
8989
5112
9502
4393
8756
535
2305
9741
4397
6464
7238
5306
9739
6500
4198
8548
3422
3287
2678
9301
3328
6005
9727
8846
8321
9673
4335
406
7952
6387
2100
7848
2043
5838
2542
8448
5596
8911
1496
1173
7231
1594
2790
3063
7832
5714
367
6833
3749
1953
3082
7224
2237
7561
141
1511
5951
1905
8656
9023
602
6298
3232
5999
5821
1990
2502
1122
794
7733
2816
5281
4731
3752
2324
3155
3411
9504
1536
2488
4343
9072
7655
1447
1623
3820
7950
5473
4809
7223
2535
9827
5475
9230
1620
8329
3142
7100
9567
9774
6665
6728
2771
3129
4088
9589
8585
9297
2940
399
7445
1015
4754
6916
9054
8150
3705
2855
5049
7912
7943
6187
75
8688
1721
469
8645
537
3182
1325
1305
821
9288
3346
5856
346
2012
7759
7798
8183
7510
9054
4888
4115
4047
4591
1785
5881
1425
1527
5472
8627
4588
895
915
7029
214
1954
943
5834
7904
8644
9553
3939
2210
5981
1255
6019
6648
3548
1744
8787
809
7777
8667
8001
350
6053
2062
4739
814
4895
302
9740
6744
2879
3436
7610
8771
1706
4781
5562
4545
5396
7693
7569
8397
7885
417
6135
2158
4330
1438
2668
2534
9873
1867
5457
1245
4046
204
9290
2648
8939
5869
2869
5343
9046
920
6405
8380
9806
222
4257
4830
2555
3397
2955
2222
4081
5131
7714
647
5416
3657
5242
8345
9787
6500
7691
6222
8755
5706
1257
813
3516
6656
3135
495
664
3671
1010
1650
9972
8569
9359
232
6408
7743
885
6192
7899
3243
9932
8905
4584
3388
1017
9593
5815
4547
2099
1069
3721
7793
3239
742
8926
6896
345
762
1765
3798
5436
6584
6314
1756
4559
7476
7771
2721
7743
2024
8344
8903
8872
2776
4562
5895
1956
5575
1965
454
101
1884
8352
2971
6000
5925
1623
9319
8374
3541
9203
5180
56
3631
7066
1501
7220
1973
194
2984
223
5666
321
1820
9578
3913
6622
7936
78
6039
2957
5098
9527
4536
4457
4027
5417
186
8654
9054
4961
4486
2440
1474
1475
9167
244
1766
7864
6390
3184
1653
9089
7456
1396
5653
6027
4149
5665
1833
6145
8971
7011
5806
2759
8351
742
2503
9782
2060
3968
3910
6186
4524
9302
392
6179
2536
1404
4208
3145
7928
1168
8209
4817
9754
8938
4035
574
87
154
8999
7480
7257
2849
6495
4819
2813
5370
4775
2421
8739
8851
5985
554
1571
1153
6021
3314
1376
3603
8038
9021
1826
7192
8005
422
4035
8419
5743
536
7486
7641
1684
3734
9548
178
8452
732
6040
2424
2688
9795
3994
2867
7780
2094
4174
1407
935
3411
7289
1902
693
5257
1705
3725
4928
3720
47
1024
2103
8252
8297
7001
7445
7482
4605
7613
4771
9606
77
6180
8085
6555
4597
1660
8577
8449
140
5020
4988
262
2224
4125
7242
4153
9073
650
2751
8919
8757
4559
4613
5057
9362
591
8579
3830
2800
2998
5928
6327
1214
8188
3753
2565
2071
4679
8261
427
8951
2688
1732
8245
8166
3972
5206
8731
6449
3020
2565
2272
7350
3676
207
3639
7306
170
2120
2702
4903
2265
4191
7310
8990
7840
6121
6598
3740
7895
1980
5480
545
3886
2891
2497
6738
8532
8113
5152
3165
7648
4591
8129
4794
5557
256
8028
760
4590
6981
137
4504
8523
4285
5737
1583
7920
330
1185
8312
2136
1684
5565
3278
1060
4483
1034
7512
24
3103
8905
6949
1623
2848
2278
3770
596
446
5785
9572
188
3785
7663
8514
8591
1805
5165
4497
3631
9729
926
2632
2590
8778
3853
7161
4050
3449
5680
1912
8693
6468
6300
1127
3996
1731
1382
8838
8543
2241
10000
1633
3243
8628
3121
2952
6264
329
7518
8576
9844
9389
2730
3264
2052
7180
1202
8735
3207
1609
5715
1218
9933
6492
7590
8194
441
7910
6177
2058
6112
8456
1014
3182
1591
8445
4971
6528
8689
9238
4549
1608
6422
3756
6279
3547
2112
2616
4712
5248
1663
9844
9289
175
414
7452
2143
6545
7864
7372
2123
9176
1431
1492
7190
9155
3706
7854
3725
4899
5149
2956
7220
1425
1779
7258
3192
7647
2111
5830
1737
1831
908
2039
9975
3899
2752
3081
9567
3301
9831
5617
5993
2
5347
7055
5095
8878
9394
6825
1176
8704
6539
4942
5308
3653
2060
9313
6411
1445
932
3394
1373
437
904
3581
5412
6574
2699
408
3964
6261
7331
562
9609
734
2795
1322
3347
8886
5782
8455
8922
3052
3987
931
1406
3117
9921
8497
9357
140
7348
3244
2764
2259
280
6378
9723
3746
280
1679
9825
7329
7139
9966
6574
982
5941
2803
5879
7530
3568
5402
1724
8640
8175
9374
5153
5602
3248
9237
9635
8365
9962
8879
9517
6822
8606
3816
6144
5325
4525
5588
2122
7252
7640
9391
3707
5460
30
596
9926
1029
6394
6720
4202
2158
5651
8687
3218
3249
2403
3060
6035
7013
9246
6417
4470
6999
6883
4705
1281
5409
6759
6582
205
7504
122
879
2235
386
2675
5473
7772
2698
2925
4941
194
8330
2310
8461
8156
6783
6323
6973
4387
2596
3183
3273
5958
7667
4441
9305
6839
4988
1794
1322
5905
9947
5371
1680
3687
736
6924
2751
5646
5761
8546
4121
5746
6637
5242
9637
9775
592
4698
1785
4565
6531
9911
4288
2270
5479
1582
1893
3548
387
2292
2140
2183
7176
3267
3377
7701
9544
7185
1229
5310
2577
8660
2460
5558
1034
366
7557
5370
9743
2824
9735
3099
7252
3676
3008
2218
7667
7857
6794
4441
3798
734
5194
8169
9560
149
783
4534
8550
3049
4205
4659
9624
4856
1276
899
8684
891
9677
6800
1499
8715
1257
6659
6283
3474
4449
5754
4908
3639
937
6013
52
3774
8082
6885
5908
3497
9672
573
1203
7831
4109
5619
9167
8367
5315
3429
7060
3722
2615
5626
9578
8577
767
4664
8502
7162
1133
9922
5961
6248
7434
9803
372
2834
2141
5050
341
2208
1524
9906
520
2554
291
9196
5326
3138
8342
9117
8209
3151
2800
6965
1525
5901
9437
6285
2048
2565
7090
8088
3916
742
7053
2939
215
1683
8535
7731
43
4204
2802
8601
5486
636
7194
758
2518
2687
1141
9150
4327
3881
2120
4934
7262
801
6970
1693
6447
8962
1890
6661
8535
7131
6106
2636
8113
1337
7931
6143
2747
1789
2606
2907
8293
6650
1363
6796
4753
8712
5879
1220
7550
2405
4739
7892
4773
6485
7149
7978
6349
1732
9408
6182
1563
1168
2234
3682
8896
3028
1814
4914
1865
2176
3192
1221
7666
385
9629
7883
5452
1627
2875
1053
1844
5264
7040
8500
9119
4892
4535
7158
3208
3081
9563
1253
7855
8628
133
2607
8999
9563
7409
3277
3222
7928
8392
1356
9792
4700
7500
8506
1067
6887
8342
7249
4797
5964
2755
6032
9971
5952
9248
4256
6092
7294
765
5644
7598
8269
3807
4562
1824
442
8516
6025
13
9322
8901
1283
7495
4645
8722
8500
5500
4582
1003
8018
7191
4152
1533
1058
8926
593
6433
8549
1501
6077
9664
9753
4049
2867
6599
2269
8142
7534
6752
547
5542
7714
1159
5172
4857
9011
2603
5953
1571
1606
4005
7726
7579
5621
2664
8059
1045
6310
3803
557
5579
9823
2651
5402
1315
3568
4527
2574
5753
3117
6540
2548
2032
4063
8794
5364
6847
8542
4956
1714
838
1116
7356
1786
1998
4857
9816
6884
7243
791
9272
2216
8553
3548
95
5159
8995
922
6304
8021
3114
1239
491
6479
8587
6297
8427
5021
8417
2543
36
8611
2117
1607
6155
3816
4860
1363
5528
1359
4134
5945
4489
4951
7537
2782
2608
1427
9812
7084
2066
9558
1940
1146
7181
4945
6008
8598
6185
5642
270
1872
1787
6872
8857
7609
8578
5455
3893
973
6716
1052
1501
8912
5241
1993
5605
9830
8952
5452
6568
8225
4466
6415
5122
491
1752
670
2137
1688
1820
6328
2734
9241
6867
9656
4426
9989
711
3053
7643
7706
6696
8811
6140
8866
2071
8618
3819
4859
3257
1508
9929
4585
3866
2519
5795
7684
6771
9296
7287
2596
3227
7913
3845
2658
7271
5868
1944
6804
4388
1340
9971
9242
82
1755
8716
2175
5594
9069
8458
8950
3373
1284
7673
9653
510
2810
1716
2637
9134
8265
2353
1384
5629
3456
434
7277
9354
4447
3880
6992
6482
5034
1993
7545
196
5889
524
8740
967
3261
6585
5503
6088
5596
4495
8064
8633
6590
6189
2350
9383
3316
7023
7077
4405
70
9911
6845
4005
5648
808
2449
8746
8524
1824
5262
4724
2788
8665
6692
282
9393
7114
9570
2103
629
7097
7241
5095
1072
3503
9197
324
2131
3105
546
130
8185
2587
2770
1659
8405
5619
9720
487
2687
1747
5113
2526
9908
4638
7200
9803
3883
8851
4967
3859
9346
4130
5298
6730
7648
636
9726
1857
4222
5510
7966
7551
3515
6073
6032
3852
1453
2274
6543
410
1660
4563
2898
1432
1108
7829
861
511
8299
4018
9611
2826
4179
3300
8368
48
208
1317
2956
1294
6109
1594
5249
0
5110
4820
7491
8242
2396
7868
2610
5909
4583
4920
4290
1212
1584
2420
4496
272
660
2293
9701
1010
1372
4702
5569
741
7569
7706
6424
9890
9211
8433
6876
4241
2854
71
2710
4785
826
9222
584
5045
2980
9823
4449
3223
3002
3791
1397
7148
997
322
9975
2714
1210
1596
9290
7695
3627
8473
9069
1917
5183
624
1880
9944
1053
8785
8113
8894
9384
7105
2692
7560
5273
876
338
3062
898
507
5505
7551
497
4708
8210
6203
969
4678
3976
5720
4558
8023
2674
748
5334
2498
3441
3906
8241
5114
4897
4390
1032
6369
6211
4839
8007
3564
3435
983
3652
9031
9038
7732
5980
5349
5786
9145
3762
7320
3184
1725
8371
4555
5530
3150
2890
7604
2400
6479
1693
8416
4857
1281
7514
1242
3447
6451
7452
6884
7278
9636
9888
784
8365
3613
124
7662
631
1513
3342
4592
2693
5284
5014
3302
3863
5987
4730
9382
561
7609
9542
577
4470
3329
8609
2228
3062
1836
4965
3544
3548
4169
7762
863
7946
8274
9180
8392
3495
103
3721
2684
3541
5591
3156
9972
889
2513
7333
9112
2813
9118
7587
3406
5492
8284
4753
1409
4520
7273
6755
8371
7315
9662
8352
2327
4656
1027
2111
3816
5814
1589
6110
6988
7298
3097
5081
8287
6861
4305
3277
1508
3351
1215
7738
1801
6260
8988
3687
6111
1720
2810
7406
3731
1584
3068
8195
3225
195
1195
8311
8037
9819
5044
4702
9512
5873
3231
7455
5284
1350
330
7355
6525
2882
921
7421
3459
3831
9313
2909
3125
5439
4480
1623
8867
8079
5737
1112
4886
6026
740
6742
401
1032
2989
8997
8980
9247
6660
216
9919
2210
1953
6755
5851
8846
2273
1107
6035
5451
7714
4795
4538
8194
5973
9159
7316
7319
3965
9688
780
5323
2957
5806
1952
8983
4072
2511
6236
3124
1923
4284
2377
787
7229
7334
3967
4458
3058
4180
3773
3595
9948
8885
92
2234
5020
7164
9325
5719
1204
1709
6364
2062
3562
2489
5318
1088
4272
2636
8811
4514
3245
1200
3745
6279
1141
7487
5252
6174
4401
8925
4829
5450
2924
3323
4876
2396
2755
6807
1269
5515
3702
7636
1929
4662
1855
1143
7145
1525
4341
4725
778
2919
2079
2385
6098
6616
1599
1345
8103
3497
4433
5013
514
1652
2038
5607
8750
3167
6717
1632
7913
7392
2391
2743
7530
3537
2414
8032
9387
4640
3321
7041
7482
3762
7079
7085
9707
5756
4898
6042
1287
8279
7550
9952
914
2985
1806
1709
7274
6011
2214
2630
7057
3492
2543
578
1984
2121
2263
3636
963
1682
8301
3457
6324
5271
2108
5626
4195
8877
2633
9964
6522
2847
7174
7260
7533
4973
6722
3138
3292
8738
4388
6914
4882
7736
1023
4040
5033
8275
2881
2588
1518
9133
8374
2704
4087
7594
5126
9981
1919
1814
7784
5571
5441
1151
1165
5989
9367
6117
8964
3448
4922
9746
3748
8010
3968
9751
3192
8057
1422
6218
5817
5984
9064
6040
9953
7236
8662
6453
1591
2092
1263
3804
2249
3497
626
9811
2881
6303
7079
7257
4662
7300
6845
9708
7001
541
2499
9352
925
977
7051
714
704
1313
9739
6980
8723
6774
1904
9032
3338
7070
4325
7987
2764
9053
6434
1097
5680
3746
318
7035
7580
8964
3983
268
4887
7600
9974
3847
9202
791
9213
6390
113
5845
7632
4309
792
7949
1814
2243
8453
3343
2066
3846
3666
5405
634
3387
418
1447
2350
8187
5
9849
6330
4812
5013
2800
3007
2365
4896
6820
3212
2531
1405
4406
1896
9277
8047
6453
4950
5386
138
6328
615
7715
6670
4850
5857
2744
2289
8547
1060
4535
5363
85
4776
5154
4150
1506
9522
1636
7369
8398
3367
3023
4354
3840
9043
277
4054
8542
3363
4101
8750
121
6409
4905
8867
3230
9687
7375
5540
8238
3750
7751
7245
8042
3789
1086
3070
7810
6546
9370
186
112
7939
2058
9000
8340
5755
1042
2815
713
7163
3038
6047
1923
3263
3445
2324
2735
9958
7528
3216
7123
5363
8034
7724
9304
7248
9674
3298
9601
4245
6367
3843
8630
5204
9011
3588
6350
1787
1360
506
8746
4543
9030
459
675
454
9442
556
5398
6550
6394
2064
6637
2362
7805
2074
7108
5719
345
1803
7243
4648
1896
2281
1473
1308
1522
9792
6980
636
4790
1153
9235
8026
5923
8101
2234
6540
8351
3067
2823
817
9404
9487
7942
6806
5294
1707
8707
2304
8656
3283
1403
1984
8099
8826
9552
8965
8842
9892
1221
6272
1856
5001
8316
5419
2366
5577
8479
9291
9261
9485
5529
8792
6971
4596
1041
8519
5166
9190
9958
2076
2897
1465
2348
9101
9525
3469
9769
6065
3372
155
9434
3048
5915
5710
9661
6212
8015
7473
1868
1372
2334
418
3905
3675
5632
8877
909
2567
1196
7950
4768
8217
966
5563
7010
3033
9547
6054
7565
2692
3549
4309
8255
286
9113
9964
5053
1600
7798
1599
1781
8102
8765
2223
6935
9656
182
8766
9686
7575
7638
9763
3831
7928
8488
1713
7811
2344
7583
6
4440
3728
3848
2629
9156
631
1799
4821
2075
2901
5189
8345
6302
7143
2527
5230
2234
408
1267
2471
9712
3359
997
146
7145
3178
9074
1438
9274
3619
4274
9521
5115
9864
2887
6021
3983
1418
2326
5325
7905
8485
2159
6998
6867
2723
3271
1585
9241
1371
2595
7329
5586
4013
7249
8308
146
2306
2309
1860
7156
5113
714
1908
9671
2833
6216
7872
4885
1175
300
3081
7482
7730
7851
775
8358
7475
4829
8719
4317
6708
84
3840
3817
5999
5435
6076
376
5083
141
5377
1359
931
235
9864
8862
6102
5029
6294
2010
9146
1009
6475
5132
2429
6671
3931
981
8508
9966
8871
8412
4344
2287
2420
8255
7080
5050
6778
4534
2
5803
6203
4308
5606
5038
5657
8720
6261
2029
9820
7745
3176
3597
6965
9980
1962
3735
14
2986
5707
7793
3479
6929
4631
5692
48
6360
1336
3339
1239
1452
3948
2504
2338
2306
6743
268
2015
7246
4183
9680
7799
2252
8471
405
1891
4025
8088
2966
6815
3294
4266
2837
2258
2153
9236
7781
8563
6944
3950
9900
2356
4383
4888
7128
887
5612
7278
494
6003
3634
411
8835
8866
8794
3628
4381
932
4016
4583
6072
5696
5762
530
7544
7115
6519
707
4468
7454
9525
4515
9831
8947
8131
5070
5538
8796
9033
132
1181
4981
2037
8157
3309
6256
1420
9709
6579
2310
4612
7575
7417
6247
3362
9908
4858
2151
2245
1690
9311
3697
52
3063
8796
9545
3329
1557
4268
2620
2614
2468
6386
4500
6490
6997
6965
113
5978
8733
9560
8602
5632
4250
5453
3451
2122
2402
8281
3886
6925
1870
9265
8257
7964
2755
8787
6265
8810
1588
8143
4518
1764
4495
6545
707
7128
4187
3496
4210
4272
6587
3051
3900
3834
5492
4070
7728
1157
5917
6302
2955
1162
7805
5741
9892
2838
3907
7962
4578
4346
9878
2118
9996
1788
6807
3864
9009
3269
1276
622
7777
1834
7226
5505
1147
4173
4448
9
4254
3848
7167
8134
6331
2
2637
4361
7523
6203
2528
5787
7192
702
740
2292
216
6181
6878
7794
3717
1012
5891
2933
7143
4245
490
4668
6212
5874
396
9909
9762
9704
6830
6770
7481
3182
2230
3537
3429
1280
2652
6567
7361
8695
3244
7894
977
690
550
3492
4244
4175
5868
1302
6812
4898
7703
9461
2935
3387
5300
4189
5885
9242
6927
2254
5980
8876
3046
5783
2826
4646
6113
9362
909
6619
6566
2446
4862
3301
1609
5002
4439
8961
2592
4990
3861
2401
1944
6538
8728
7551
6450
2244
2713
3086
5957
6897
736
866
1342
297
6456
8569
6403
9820
633
1314
7598
8072
2221
3224
4199
6790
4944
5202
1283
8727
3942
7263
7491
330
856
7603
6413
2020
7816
4068
2447
2846
9149
9506
9220
9639
7097
7917
5385
3787
2940
1908
9545
6799
3474
2569
6546
4609
1141
6729
9407
7585
3835
365
3635
5597
1114
7431
5818
5208
5977
4635
2237
4842
6639
8759
7958
1708
8299
8034
7604
2834
8238
9629
4136
6101
5328
1341
4300
5810
8436
3990
2039
6852
6984
5051
2272
5622
108
5125
6683
9278
6057
6187
9562
8870
9958
9768
6841
3661
8120
1793
2840
9404
6499
22
9153
4674
5379
9724
3024
46
965
2578
3194
9963
7443
6963
4193
2927
5317
5680
2909
3759
5324
4785
2955
2448
6263
8349
3575
335
1560
6250
9513
6029
4430
1239
2792
4888
6022
4764
8924
3751
4422
2620
5975
7906
7095
3677
2656
3460
9067
6715
5914
3651
8184
9880
1721
828
576
9794
4022
4323
5844
6307
6605
2024
9185
1766
5809
8715
2138
9740
1180
6370
3079
5454
342
1024
3448
5624
7838
6546
4585
6553
2030
4632
4819
7248
2607
6195
88
7606
9709
557
1146
4748
5073
1000
2293
7190
2645
6806
7310
9301
3604
7918
4455
3324
3740
8246
1483
8169
7184
5070
9526
3161
9080
3237
3438
7105
7338
3563
5474
9831
322
6072
5266
2527
1310
8799
158
4234
6810
3498
2428
4840
1123
2904
9564
6070
5018
4892
186
2243
2617
5742
7866
2712
5002
2365
8626
9961
71
1055
1796
3636
3216
1819
5895
4339
4396
7153
7213
7362
8776
6036
8520
5640
2356
5579
3735
3578
6891
8222
4429
5339
3356
9884
9270
1743
5650
5780
5740
7354
3551
6575
1521
724
6226
5354
3590
3359
5413
3158
2096
3444
7049
5420
9820
535
263
9096
3032
7093
336
1536
3184
4594
2354
6161
2218
4332
7882
4994
7099
9251
9783
6991
4971
9915
3469
3422
8825
3442
9465
946
5438
4958
7143
9802
1838
1834
2397
9523
7203
7359
3207
3580
8774
9649
8344
2768
5692
7186
1827
1618
7167
3376
5881
9127
1010
8398
7704
790
1100
474
7604
6215
8497
3131
9418
5776
4570
9461
7874
2697
5501
9772
5387
6796
9723
337
3666
7525
5980
1115
9515
8857
4417
7400
3367
796
280
8008
2137
9002
5389
6875
2544
9151
9867
9599
6977
5167
3650
1160
8542
5928
8248
2536
6798
7336
2767
7387
3392
5759
673
9055
1892
9549
2984
4413
5084
3945
4352
7716
9081
2732
6019
9565
9669
2941
105
2922
4588
786
178
7267
4717
2240
1259
1034
863
9629
7398
8737
3451
5336
4559
9386
554
9828
4527
5582
8504
5679
951
6820
3450
6859
338
6480
3197
3633
8453
5185
113
1210
5251
9064
5908
6534
4652
3061
2200
1321
8179
3763
8990
8375
7290
7174
4905
6385
5267
9618
5868
8942
8345
7895
3123
6819
3071
9293
5202
1257
9918
7271
3427
9930
1791
5241
4228
7519
3723
1044
9472
8754
2062
2837
4967
901
5910
6114
1876
5817
5
2657
6108
5411
2257
3378
3050
4286
437
1929
2228
144
4454
690
10
5965
7855
9792
1726
2347
1762
7588
9233
2521
2392
467
2660
6256
8363
7006
4030
4052
1311
2517
9295
9690
4413
5440
7299
6921
3890
6683
2318
4827
821
252
2319
715
5069
8787
5518
1921
3851
6917
6017
7883
7610
8091
6257
2893
4019
6157
502
9234
6776
3645
412
4058
2530
1939
2710
4811
4704
418
6397
7573
8223
1412
4461
9813
4242
4568
6030
3214
7210
5039
6946
2314
9107
7219
3983
8106
7339
7082
6331
5762
8192
4286
8108
9134
1629
774
1557
3151
2486
7304
5753
5536
1541
8960
2485
6876
123
7451
4417
899
7929
1499
3357
5454
1614
1149
1768
9668
3157
3987
7867
3942
6353
2980
3847
6454
7106
3838
7969
8067
3751
3005
2509
1193
834
3136
9068
6602
1465
7000
3604
7359
4228
924
8337
6195
9214
8108
4686
9863
6982
9928
4402
798
1313
511
2519
9919
1272
9661
9048
5749
9820
1587
9715
7509
1186
8153
8403
832
8084
6787
5543
4155
2889
1551
1263
3251
651
6193
9843
3133
7196
4304
1286
7578
7179
3920
3742
2679
4885
7525
5146
3356
3404
3086
9824
4219
2500
8935
7658
6104
8323
1392
1012
7574
7594
9530
125
7474
1349
7603
5972
7183
7955
6394
621
1928
5594
7844
2155
9644
8920
2427
8366
4310
1578
552
2000
3750
6128
3796
8346
7717
7337
6370
1036
7492
2883
5302
3593
4117
1482
7102
2031
9852
5868
9306
5604
5418
8088
6548
6271
2999
7805
1801
4521
2117
9583
720
9688
906
7122
2103
9141
7434
3318
8018
7608
610
2194
374
9483
2535
1836
7034
9548
6228
3048
9677
1082
4639
9553
1703
6304
2254
6709
4164
6570
738
1813
3349
6994
7080
2242
1097
7263
3094
3477
1511
336
2696
130
4003
8382
5829
6517
8241
441
1515
8552
7001
9121
6864
7345
8120
4089
6514
1871
7079
2883
9186
694
5273
2401
1488
3300
2027
1296
8915
120
5887
4862
283
8036
9181
6110
2241
4016
463
5087
7377
3747
3029
9707
3322
7712
9835
8161
4228
9883
3804
1286
4806
7046
8518
5316
1230
6545
8974
7178
7121
4321
4657
5816
1694
7031
2875
8104
7874
5929
1102
6119
5116
1751
8624
1857
9458
2725
8762
3655
4084
1087
628
1175
6194
1580
7732
2391
9743
4146
6973
4256
1930
4295
8164
6155
1028
3273
7712
3424
6251
491
4543
6805
4785
9715
6087
7713
4982
6706
8790
4934
3669
7039
9070
8181
7245
5732
7078
8842
4871
2521
8233
9130
4571
3238
4805
7808
7658
9320
8201
2064
864
8665
622
1929
3283
1654
4640
7024
9826
9621
880
6257
3593
6180
5822
2582
1903
2532
8887
8461
3465
583
4410
1994
1729
2155
3714
9481
8991
6913
8119
7263
4281
6917
3162
7543
243
4420
9200
4635
7719
6745
4102
6552
161
4084
800
2135
5458
7907
9324
1861
9620
6219
4822
192
2092
7549
3356
7150
3332
5877
5964
7891
6698
9305
596
7563
7826
5000
5549
9431
4310
4210
4721
1946
8417
9757
5086
4630
1134
931
1502
2341
5413
1306
3956
7020
6814
863
9135
3861
1128
3067
5878
2603
7041
3022
3135
874
1514
1243
5286
3046
1047
6500
3385
4835
8037
4630
6972
5651
5384
5588
5612
3502
2839
2807
7072
2035
5133
1706
4757
67
1201
4188
2327
2695
8901
7559
9071
6876
2381
7172
8821
46
3300
630
7919
3949
6071
8412
5757
1746
642
4725
9723
957
401
254
8628
5261
7438
8222
2610
8668
6153
2434
6725
3490
4406
860
865
9655
3883
327
7559
7564
7773
5792
5578
2051
1762
856
3638
5565
8144
3640
2219
9041
2266
1446
957
4556
1822
5846
1132
5181
6286
6763
3495
7950
1859
2038
1453
1674
7966
7528
6602
2395
9558
8610
912
1376
2214
2055
7497
3965
6830
4215
3541
2966
708
4558
1167
9529
6226
8608
1479
8023
5936
9931
2686
6379
9443
7056
5726
9349
5410
4534
150
5105
3080
6013
9576
5633
7203
9150
5566
1598
6651
4641
9834
3544
7878
6300
725
3513
828
3423
5223
8525
5079
5377
6046
7267
6703
6365
3595
5956
4690
1954
9283
3737
4847
1571
7722
1618
6995
4002
451
2874
2837
8623
225
8715
8709
7555
8675
9938
7892
6928
1628
9973
8749
2794
5628
992
8880
7671
1475
7518
9408
2917
4902
6991
6553
3754
4415
1196
9018
6510
8408
1846
3199
3123
7104
5194
6375
1553
3218
1854
2147
9619
3800
9336
8488
2247
3410
5736
1463
9567
739
631
692
5890
4126
1316
5965
5495
6896
6150
3513
451
360
6944
9640
6944
8
1246
7818
5503
2319
2915
2950
4700
7365
9672
8373
9440
1280
9496
9446
8148
4889
7291
5239
3588
770
715
44
290
209
8476
985
945
7028
3634
529
1380
9279
2314
8583
5525
9440
8279
4817
1280
1828
4933
8472
9515
3117
1083
4952
3408
8006
2233
6943
7030
6825
9374
3673
9314
4309
5228
2158
7980
1182
847
835
6818
8733
2874
6351
2906
3981
7449
9735
7390
8506
6539
2874
5254
480
6129
8188
7248
7316
4547
3094
9203
6154
7297
5232
9667
8471
4199
4342
9885
3217
6702
641
2772
1611
7915
5163
4738
4416
4400
2163
9786
2490
2328
9758
1644
7441
7470
4613
1560
8404
3168
5247
8201
8908
8486
3180
2560
7779
1685
2164
2087
4657
5252
1441
629
6640
9566
9402
1535
3952
423
1496
348
9028
2978
8177
6997
1969
2997
33
1159
8855
165
9250
3203
2757
6429
556
4805
6141
2484
9325
425
8481
675
1111
6303
8140
2260
1712
2498
8905
2086
3980
4370
6895
1882
4462
8293
9709
6511
3782
3554
4546
9493
5351
4528
5916
7035
2936
1301
8634
1952
398
3758
8478
7078
670
2365
77
1981
3920
7753
4195
5169
1800
9534
2143
3558
1296
3058
7027
5249
5809
4346
3289
1954
7464
7611
225
2898
784
5444
4983
7861
9050
1426
1892
4087
3256
3318
2795
7270
11
6063
9115
8312
5153
3763
5327
7693
430
4406
493
1212
9397
1933
6515
2104
7113
6452
2795
8542
5260
8083
9430
7839
5226
1095
309
5115
9495
6025
5829
5397
2901
1690
5897
5870
9323
9742
3408
1705
8372
1231
3480
7007
2104
274
2120
7840
9773
9123
7703
4829
5179
1154
69
6601
7676
4681
7060
8171
4786
5453
8030
8148
3269
8882
1793
3726
3381
5054
1123
319
6790
7545
3774
5768
473
4986
6953
3291
3442
6755
4085
5144
670
4487
9186
4175
8685
9265
1502
9057
4363
4482
2675
7361
3551
7952
8564
278
2022
872
8896
4435
3444
4517
6963
5320
3750
2113
725
7647
3430
8130
4006
2398
2596
6976
2265
4195
5507
4713
121
4949
4579
1189
8524
8723
464
7622
4094
3048
8731
6556
5595
4866
275
9208
35
8565
9208
3753
8791
1591
165
9115
3772
7230
7291
5537
955
3978
6960
6591
5571
4976
7358
9121
1551
4234
538
5721
1736
1034
9924
6023
8441
8896
2024
7673
1546
561
5697
8218
4690
3197
766
8194
1488
8390
7355
6286
1467
4675
7006
92
7931
5491
91
2875
5063
4299
652
6427
2833
249
7192
1130
2837
8167
7404
2010
5522
1833
6064
585
5085
360
979
7432
3463
4619
5326
7794
4761
5944
1337
5727
7443
3423
3005
2083
205
2517
8628
7458
2080
6076
5911
6809
7203
7241
6488
3159
8689
4837
1321
1311
9065
6710
299
7078
4984
9209
3399
4424
22
1185
6048
928
6998
7850
5220
3129
3779
9300
694
7611
4499
4488
1163
8904
3425
4565
649
6551
4400
2348
732
8171
9839
1405
3146
7770
6415
4180
5239
6059
4231
838
982
9602
6405
9360
6121
5755
9971
4961
3623
2094
6031
6574
5127
235
4450
1956
9793
2151
6933
80
3078
876
2680
9671
6739
4211
6902
1761
8942
343
9345
8681
3787
4647
5043
2234
1094
5242
5861
9973
1572
5768
6818
5439
5310
2898
1822
5405
7533
8729
5715
7992
5204
1469
3378
8299
5825
7534
6927
4104
4537
2413
1544
9137
4038
8128
1966
1194
2298
6241
3013
4192
8386
639
8108
730
2383
6329
3890
873
726
1418
6400
5530
9589
2486
4021
5699
4398
496
2785
2463
8330
5766
8878
5722
7289
7941
4405
3115
6244
810
966
8649
7344
6171
6457
1236
1512
4053
715
7108
6648
4313
2168
463
270
7963
79
2031
3180
7557
5596
4904
1484
3060
3135
5895
3498
4297
8030
9782
3166
8391
7598
1414
395
8153
6943
9408
4945
537
3683
1273
8845
5560
9419
4595
3196
7600
4322
9561
5975
8075
867
2102
7904
8059
9329
7035
7546
5934
8060
2380
5083
3227
8156
5521
3760
9023
9364
5034
4576
7782
2096
1603
4449
1799
8296
1987
9532
528
6843
941
7461
1133
723
9515
8504
743
9104
989
7364
8588
6452
6233
5931
4808
4397
9606
3304
8121
5604
1146
1163
2303
1238
436
7425
6186
4081
2194
148
9800
3582
8807
3667
8910
3167
3330
173
9251
693
5443
2278
2904
7481
9144
3623
2220
3764
595
5994
6627
6462
4168
8407
8063
7137
6707
1420
1434
5869
6802
3879
8909
4195
4355
6566
9489
1552
4941
355
2529
2004
1681
3297
2752
9989
4298
3105
6419
5139
1280
5728
9188
4537
3341
4190
1136
5232
976
3934
4009
1497
5291
8299
9053
8124
8332
5932
5782
2747
3519
3847
2282
6430
1050
9782
4832
5279
594
1336
7204
7875
1007
645
8871
1684
9806
6179
3859
4675
8850
3328
3618
7609
2328
6444
7047
7071
5608
221
953
1693
6028
3075
4528
3167
3790
4323
4372
2764
9398
8665
5948
8774
6149
9415
5857
2819
4953
1843
9349
5156
162
5290
329
5966
3319
3901
9958
6462
5391
5221
6406
4952
6710
3829
1252
5940
3031
1576
5657
760
9796
1329
5196
8811
6360
7923
9167
6446
7342
2052
5499
7212
4396
5085
228
7050
798
7221
3333
3607
2590
6609
8449
1425
2644
1219
1971
8106
3326
9304
7265
920
7337
1155
1855
2418
6578
4652
3206
1248
9984
8011
436
4271
9712
4946
5747
5607
5344
2701
1835
1321
9699
6758
5358
1281
929
7874
6445
2126
7870
3960
2136
1637
8541
8822
9707
4065
4813
3510
5476
8901
7260
5798
5566
7884
2515
9697
9643
8868
1361
6793
9162
8234
629
1923
964
8816
4392
9896
557
9457
1041
7128
3731
5090
7007
7554
9522
912
3232
3981
4213
2368
6812
5899
4119
5775
7419
1536
5018
8078
6313
5504
4675
3494
2906
5336
1870
4016
8917
9676
2264
7253
6696
8642
5638
5118
7462
4707
3121
4940
8565
8732
7476
2872
6468
2212
2973
8765
2039
1197
7913
8895
7257
4339
4720
6004
9651
5780
3348
8645
7933
7544
7464
9009
6081
5175
6193
6876
5719
830
9641
3299
6871
981
1084
9104
6130
2819
5652
3744
3564
2577
2397
5667
9467
484
3391
8033
4238
6396
8085
2100
975
270
255
7125
144
3065
9009
9475
2265
647
7888
573
7643
9039
959
2656
1466
210
5075
7975
949
9134
702
5377
6976
3657
5242
5537
8280
7387
5474
3667
9394
1644
6361
1858
1754
6887
7133
7950
1756
6114
1704
1153
9815
6288
7044
6006
4732
2214
9932
1307
241
809
7714
6542
1657
2144
5289
8245
6589
1605
3751
4834
2614
7746
7978
4643
2306
6591
2044
8516
453
7091
4151
3794
2000
4029
8102
7487
4138
3456
522
2162
7701
2433
4313
2373
1295
2111
9097
2421
5471
1101
9733
3394
2919
8904
1517
1825
2566
7930
3036
7457
4175
2716
2257
7372
6515
7312
7807
3424
73
748
9587
7133
5753
5888
2643
4309
216
7789
4173
5269
2309
8710
3264
59
9409
1732
3240
6288
7891
7433
367
5458
5268
2835
1375
7453
5454
7156
9843
2954
2614
9312
4753
6202
6244
4035
9924
3315
5668
5718
1743
8771
3382
8140
350
6574
2929
1103
8354
862
7691
8220
2029
1265
4419
2305
679
36
9489
3319
6456
7537
5290
4787
1381
9431
5947
575
9094
6960
8134
156
905
3009
8073
5095
9134
941
2338
24
7439
7977
1717
6828
7517
4019
389
9658
9067
7980
5477
8054
4929
9939
8290
9614
8388
3080
2890
9216
2315
2099
6024
7946
3963
2168
2384
910
6412
9835
6057
8675
7693
8135
9223
5787
4435
1675
7052
2
7588
1351
2185
6092
6146
7896
5756
5190
9853
5534
5237
135
6697
5494
2145
6985
9029
5694
516
7504
3772
2146
9560
7530
2884
2478
335
7987
1812
5663
4817
3098
7177
7248
4831
3178
4603
7247
3308
9480
3940
1587
9322
9000
9648
7878
5623
7110
3511
9684
6241
8102
8876
1385
3549
5319
770
7128
8741
7872
8405
9752
5838
7013
4786
4598
6936
5148
6200
9759
2102
8253
2485
2512
528
5430
3209
3800
2371
3790
9491
2662
4786
4656
3901
3238
515
7060
890
7580
7061
4724
1533
1631
5266
5876
2653
1675
431
437
6100
402
4198
388
5154
9581
6859
9709
1254
8160
3164
8550
2125
3435
6969
2403
6984
884
6294
9571
6584
3509
314
2478
325
3025
3537
7259
4896
5371
5808
2860
7903
9340
2310
3878
4571
4744
724
3247
1065
662
9186
47
8577
1469
23
53
3268
4709
4328
3037
6802
4717
2368
550
9777
8182
3641
5288
1852
6393
5909
2129
8276
5508
1651
3438
7090
4769
5307
2985
1587
2665
8411
1879
7320
9066
2326
1129
815
8390
7371
5747
5965
6689
9082
406
7068
4447
2157
9872
2527
9764
5169
2774
8591
9521
7818
9901
7772
1154
798
3861
4403
3018
4073
8591
4934
2813
8852
5835
1809
1530
6213
1054
7929
9161
7992
6085
7328
4150
6844
2446
8319
9878
2778
513
2011
4648
787
9055
7766
4882
2760
891
4918
3051
8284
5468
6018
3608
5130
556
2152
2210
2614
1336
9071
9991
6549
478
9781
9941
2893
5966
2685
4376
3166
552
2980
1712
8212
9034
5907
3709
2521
3658
5469
3510
9883
5174
592
1338
850
6801
6061
1473
3570
7121
7646
9871
3941
3683
5215
9283
5461
6016
734
4744
6383
9812
6771
7456
7547
3627
3785
6157
6457
9307
5905
2300
7743
7073
8646
2743
5206
9934
1499
2325
9785
3494
6870
4511
2556
5742
8438
3185
7605
4514
9640
8960
8747
8913
8193
8194
2580
8735
1506
3729
548
1478
8549
7123
5855
3408
4903
8261
8652
5195
8174
1758
4693
3846
4266
898
7059
9308
8810
5471
6959
2671
8397
8999
5836
552
3314
6658
1254
7991
9671
122
7341
719
5226
7830
6021
4935
2616
960
7479
276
6645
4845
8193
7361
3381
2384
4755
1001
2249
6262
765
1134
4394
9812
4674
7344
6308
3035
5431
9373
374
3762
56
5700
5155
2901
4781
6632
2174
3391
6960
5963
6476
5367
2566
3061
3119
5419
50
7307
6994
7098
996
7740
391
5893
115
4960
4713
7335
4401
3133
6879
7624
4004
9940
8134
8579
4415
2874
8733
5434
5152
8235
901
3133
4206
542
3775
1865
993
9159
1910
6740
2166
3027
9101
7955
1015
432
9530
2132
341
716
7994
9144
7003
9644
6730
1032
9260
2694
1147
4386
3113
305
3260
7539
3715
4310
5282
5120
5872
4294
723
7814
4909
3071
922
5034
6779
5755
8916
8012
3979
8529
7593
4677
631
1346
6707
1494
3161
9088
207
651
3334
2873
8291
5651
6699
1290
8631
735
2976
5078
2315
620
4405
2230
4381
2389
1535
956
4758
5069
6818
5640
8846
4625
3740
675
8900
8727
6259
8136
2493
2144
2710
2158
5489
3309
2935
5169
6276
9771
2295
8390
7736
9940
6730
7823
6478
7778
5752
1398
8835
1138
5726
2307
9273
8504
1088
5527
7178
3086
5060
4618
4606
5663
8834
7233
8399
5058
7019
7438
6784
4484
6344
5599
1417
364
1130
1485
7120
6260
2723
6988
4292
3134
3007
1067
2666
391
6984
8990
9718
3914
2438
7432
5192
5603
5721
6212
9205
9546
6608
6349
629
4309
9394
3
6648
2187
7288
6475
1010
6327
4958
9645
8290
5115
9917
9730
2914
4610
6717
3443
2335
369
2494
2300
4091
7493
9335
2815
4943
2391
6452
6883
519
9856
9080
1100
4172
6899
7909
7636
9016
4564
8965
4054
543
4569
3491
7224
2540
2861
8962
9016
2691
9124
6703
3784
3886
8070
2254
4242
1169
2346
4334
5402
5822
1793
2091
5254
3973
3519
6608
546
1881
5450
2880
9114
7346
7076
8995
3217
4216
9440
5969
762
5467
2271
7379
6164
8296
8530
6561
1285
6169
7391
5251
4224
6118
8568
7923
6439
178
5338
324
880
2067
2338
1709
1013
2284
5671
8908
4116
228
9771
5523
6973
9492
5031
8613
2831
800
6761
5285
3277
9098
5977
8581
3049
1307
7108
3185
129
6993
3168
4002
2156
8713
8489
2963
2986
5165
5056
9981
8522
6295
2993
5581
1877
1535
725
9413
8078
5798
873
6682
966
6794
1741
7805
3542
5951
5325
2601
1584
3150
3615
2835
180
5903
3587
3425
8840
4897
4034
6832
2008
876
3272
1465
2429
4200
8791
9715
4664
2157
7916
8440
9622
2076
1204
5376
9976
8288
54
5756
2970
3072
6806
794
5880
2420
3543
7406
722
9802
2794
6560
1660
2081
9466
3586
4387
8035
5457
5081
1905
1451
2792
5494
5456
3949
9255
7198
2738
8890
309
1023
8103
9787
7266
5650
1580
9096
5006
6908
9877
6479
7348
5865
7759
7119
5960
6627
6786
3716
2054
5624
9547
5352
9428
4549
1489
658
8700
7344
66
1829
0
4172
648
8078
8573
2716
8927
3923
8248
7098
5933
7678
6357
8116
3867
9050
7274
6034
6496
8176
6007
5774
4311
7712
1841
2200
9973
8977
8966
2688
1852
1172
9498
2282
7481
8025
1152
8042
8076
7423
7219
9087
7844
8233
5409
1262
8673
5013
8425
4596
7139
7545
1601
8287
2235
114
8548
3291
7485
6337
9667
2093
8138
2935
2347
4200
2270
3386
1703
614
699
3612
1496
7717
8235
3230
8004
5195
7301
1750
7687
7696
267
6205
6672
2323
149
9961
5787
5818
4433
1354
66
8730
8623
3723
8376
8762
9914
9285
3310
1845
9944
5043
6194
5880
6952
3959
2602
7506
3306
442
5421
1892
3831
2661
8289
4685
8924
7699
5451
5279
2618
3951
6949
1868
4396
7286
5478
3864
8739
1211
9630
3787
6350
7469
527
1678
4505
8532
5910
1923
141
9927
3912
2167
5648
1809
6217
8658
6649
8762
5866
6656
3182
4960
7012
2295
4507
712
4266
1149
9249
9025
4375
8153
445
7503
22
3984
9602
9220
7312
1924
9777
8148
8969
4669
1718
4525
8911
3557
1417
2190
8638
7697
5564
5328
115
4245
6626
689
4930
2618
9547
7943
3219
6227
799
7750
6023
2216
8441
2004
4936
9170
8919
4144
7134
7036
3861
3139
7278
8649
810
6410
4040
9342
5763
9400
5682
4208
4699
8895
193
2847
7314
1004
6966
5267
7089
2765
4796
7743
9172
5290
5622
1724
1023
7193
6528
5588
4634
2879
7449
4245
5299
8468
6487
3633
211
751
6714
5164
7748
9045
3720
8831
7092
8534
2814
1181
7834
2492
132
3036
7343
8683
5127
1417
8064
7568
4671
8439
5893
4591
9457
4222
8349
5807
8845
5524
8955
4549
8341
9852
9690
9838
5983
7288
2245
5825
4174
2022
1787
841
5841
3239
2968
1706
8727
5305
2980
3375
2089
7138
7877
8306
6784
3275
2885
6898
4667
6785
917
5991
1526
9475
2752
1203
3137
4492
4400
1070
3458
7253
8586
2822
640
88
3986
9364
2338
7633
5626
4689
5074
2855
7901
5366
6422
982
3100
2545
3582
2435
4159
6055
9941
7110
9745
1268
3352
2196
7268
2885
2048
5880
6589
7119
4826
2859
9470
6833
2955
3753
9977
5631
968
5423
7922
4924
5490
8742
3691
3597
8920
6330
4983
6859
7965
5196
1795
443
8603
7158
6064
3170
4627
3099
5087
4754
8837
1368
18
1804
2560
3962
4835
9726
2617
7202
9839
6039
230
6465
2579
7172
8787
4371
1738
7569
9705
3699
923
3775
2545
1370
5646
6626
9300
1494
6135
7529
3007
8456
1426
5953
6240
6621
5214
1827
9668
885
2901
6812
9693
8112
2924
8216
5848
8246
3451
991
7478
686
2387
6109
1693
201
713
8850
2081
9080
5371
670
3834
5308
5528
7571
2405
8768
6721
2249
2541
1844
2096
7253
7196
6700
4301
4966
559
3556
8262
3162
5125
7412
6181
5521
6207
9088
5009
6469
6401
5724
7
656
2792
6842
9722
900
8297
5715
8178
5305
8664
9003
10
554
8631
9229
7494
33
8790
333
5888
2257
4034
3352
7235
4938
3695
9214
1517
8311
8818
1807
3648
2641
9218
6113
430
139
8969
1949
9384
4363
3525
1633
8292
8593
8834
5685
4425
7267
3973
6087
3142
9413
1533
6830
3685
5570
6158
662
4597
5076
6527
8496
5045
9818
8979
4177
3086
1239
1259
734
657
1610
3201
6550
9366
9650
8824
5810
8962
5597
2283
5546
5632
241
7988
1283
5208
2846
3166
7796
4489
2502
6773
4858
3388
6992
1818
2011
4967
4839
4773
1490
8303
5110
9263
7979
8820
2530
4640
6411
5303
5427
9391
7255
9267
1201
9192
1426
5614
909
4964
3468
9443
1666
1268
908
5672
7173
1248
7006
5347
8362
2160
7527
1063
6263
8380
8913
5880
1523
7332
9681
5093
7115
7792
390
2279
5874
7474
8587
5797
3952
2873
8421
4523
6289
6848
3184
1667
3158
9588
6421
6637
334
2096
2345
5749
5634
1080
7584
3495
207
2889
6953
7505
9045
5725
7345
7329
1493
4083
5653
939
8544
7178
9798
5605
425
340
8402
3918
270
8789
6494
1757
3571
4794
3857
8146
7024
6571
1894
1890
5023
380
9649
7264
7798
1261
7329
9237
6454
3209
1473
9151
3590
6127
4841
1400
5316
462
5043
1322
8407
2384
3896
7599
8716
1293
3131
9880
6678
735
1134
9570
922
3267
5954
6139
7616
3378
4947
9843
522
8387
2427
7602
3741
5364
188
4208
6912
9610
2236
4206
6311
6169
6377
701
3116
9892
6452
7324
440
6963
2406
1333
3264
3
6832
9715
7948
9282
3031
2821
6819
9736
6975
4701
8263
1712
4179
7045
2266
5120
3030
9751
8699
8916
2225
7935
6834
2822
5157
8608
2816
7205
2184
3436
5602
5657
3179
6266
6464
5484
2606
9933
7871
49
2765
1913
9831
9040
8300
4374
5528
942
7130
1064
8536
8892
9211
2338
3972
3604
3382
231
4261
3123
5816
4684
8817
8208
1517
3862
7207
9732
9555
7513
8826
3897
4575
7028
7720
8993
8109
3547
639
7187
2627
924
1394
3060
6366
2113
9773
27
54
3150
3331
3155
8933
3893
753
8313
539
6912
8534
707
3521
5203
427
5556
4800
5194
8748
1924
5457
4161
1477
4401
9352
6224
3876
7263
5539
151
7936
8898
2328
1986
1672
8873
2177
2984
9650
8073
4033
1725
9424
6722
9501
5198
1301
9177
2620
5426
2613
2700
481
8406
8703
834
2297
3259
2742
8512
397
4562
5567
5623
3264
4210
9538
5900
7856
763
4246
5417
343
2313
181
3261
2730
2364
8935
3962
8956
9790
683
6416
7833
2278
4840
8243
8820
1866
4883
9637
3532
9741
4032
660
9588
5192
4944
9516
6958
8313
5828
8856
9302
4698
3674
7068
4897
3805
6430
8631
2251
2065
3192
6029
8660
8087
9886
2838
6209
3632
1512
638
3762
4904
8526
20
5050
6454
3647
5098
6429
4772
8026
7564
5384
1176
3111
3688
8269
6343
7166
8446
1427
5858
5861
8544
9770
7805
7001
3413
3815
2182
9680
9665
8007
226
1382
4792
2795
6271
1676
6496
7126
5811
9626
759
3248
2800
9280
6162
1129
9637
633
9372
8280
331
7099
956
9915
4205
118
3819
3395
3243
1237
1269
6596
144
5180
112
5205
4836
551
7089
6604
6022
7289
4852
5967
1309
8938
2269
7900
3976
9407
482
2738
7240
5404
5823
5416
5278
1339
3404
6458
1081
1585
8323
4521
4268
2831
4532
7632
1485
7507
7401
8787
6162
4530
5283
5348
6550
3441
7835
7042
6154
9742
5359
9736
982
1161
118
7221
5068
3763
4263
2777
411
6939
1493
5825
2220
983
6374
7164
5701
9780
3526
2283
9702
7654
3984
7696
7945
6668
3969
4728
4347
857
2327
7840
3781
9440
4508
7596
1323
1958
2124
804
3601
4610
6696
8547
5009
123
6173
684
6649
7908
9680
4205
8837
8734
1223
9201
2824
1798
5763
4418
7532
3540
4180
6280
341
6095
514
116
9554
4333
3466
3263
893
2903
5507
2801
2481
5039
7190
5008
7565
4190
3701
1575
8728
8793
3668
5411
7145
6327
3064
6235
966
8497
8105
1278
6276
1644
9466
663
6072
9919
380
7101
2689
8617
4914
8336
546
1698
924
6016
6525
1814
2666
3898
2276
5073
5163
7381
6883
525
7793
5771
1610
4034
7545
3219
4143
2755
8760
6033
7431
8123
10
3229
6220
6323
2192
1697
170
1255
6099
6642
8833
7470
870
1966
682
8227
8331
4063
2906
7374
8244
5142
1465
3493
7221
8526
9719
6119
489
308
1014
7503
1732
27
6149
2803
8030
8554
738
4775
4009
8167
87
9258
7124
7040
1595
2508
4876
1
532
1346
725
1812
1442
7690
2523
1295
2644
2090
1410
7779
3384
7227
1644
3997
7397
8161
5579
9161
9219
5383
2740
2816
888
2676
1199
7038
2756
1572
5823
3877
8549
8947
7090
8878
2861
8980
2068
1005
550
2869
6636
5478
566
9993
2066
3878
4352
5034
489
8688
2901
7609
987
9659
3293
3773
7123
1252
9989
2677
3497
5889
5076
255
6660
3414
2702
9533
1104
6162
6479
7220
5756
6090
1790
872
8352
544
8778
8012
5494
691
102
1706
9953
2603
2431
3119
4552
3934
8536
5405
989
6766
438
4104
4553
4617
8953
1242
9436
5398
6532
7275
1315
5874
848
4388
8833
3112
5178
6546
6768
56
8754
5743
5630
4143
4198
960
1599
2079
5211
156
6307
217
6102
6990
2524
1383
5090
5242
4531
8030
5148
8932
5684
1576
8446
1817
7478
4838
9468
512
1112
7996
4329
9932
4862
6882
254
2128
7897
6703
5259
6277
6752
5951
312
4247
4056
5363
3577
3036
9137
691
7366
1894
1084
1579
4637
6731
2918
9842
8341
3588
2164
9765
4287
100
9621
8362
6955
6723
6665
3707
6521
1314
3378
4748
5500
6050
7354
4249
3118
2942
5157
3442
5183
7614
2613
8202
879
4297
186
4233
6258
4664
7434
1982
8607
955
448
1509
1575
1633
8390
9307
6136
2363
9987
9001
8064
4581
434
817
5696
9227
8804
9785
115
8243
1967
9619
3532
5280
4509
993
183
3055
4658
5406
6856
9852
1658
7313
312
6762
2419
3979
4547
6876
1122
3946
708
3875
8442
5446
903
6531
4165
5072
6329
9972
2299
7539
2381
1653
6727
1720
4886
6852
8694
257
7022
357
3248
3111
7907
705
6646
2337
2060
1542
302
828
9611
837
3335
7629
1429
3491
6979
8838
4286
8738
8100
4514
9519
1217
8337
4574
5995
5351
171
8082
587
8199
7013
3117
3628
8200
797
947
1610
2789
7235
1055
9823
5401
6600
3404
6332
3000
8965
7663
5249
5426
5909
2391
1096
3053
2747
4185
668
6793
5770
4295
747
2956
2614
6710
5371
8889
1042
3727
8401
8582
7140
1192
5219
9992
7856
1493
8209
585
2369
894
2777
8333
349
4998
2674
9523
7244
9140
5733
2329
7803
6965
9015
8633
1083
7880
109
9221
8209
6369
364
775
8566
7594
7750
6771
6487
7800
4623
1307
7524
5814
2928
524
7757
3059
4194
4500
7940
8186
5586
7465
1109
603
9292
3205
728
9214
8428
1070
8684
4530
5486
916
8409
6471
6145
7415
3488
781
4510
733
2475
9980
2515
9847
510
4421
3957
4135
1892
9123
6492
10
1708
8932
3859
8411
184
9179
5924
7014
9718
8093
6426
7973
9744
3598
7938
2043
9853
9496
202
4157
8076
7621
7160
879
6531
4348
4662
8936
7900
2675
936
5221
1383
9910
1136
3917
4160
9350
4649
954
5250
3805
5533
9214
4202
7304
949
1764
5974
9570
626
7724
8386
9971
932
8975
5450
6527
2769
3292
6624
628
5921
2058
4034
2194
4288
4958
1719
7385
6824
2170
745
8014
1471
1947
1977
1872
8381
5760
4639
9101
7165
3492
1145
5838
3326
6804
6407
896
1010
8181
5070
8163
7794
2023
5797
3861
523
6811
1576
8852
8589
9319
3946
3461
9761
9775
2344
9147
1992
8755
8268
7102
9617
9634
25
8842
8908
9476
3611
5721
3127
231
6871
3676
1306
2647
4781
3630
1238
7045
5901
4530
634
4328
2477
7549
4646
2643
7216
8083
2419
3026
9456
6763
7767
6734
4791
9219
3505
1864
1367
7278
9612
3188
1531
3897
4128
6781
8886
4357
8243
4613
2999
7925
7497
4102
8444
6523
4089
8478
1959
1136
7288
1872
9297
1752
9021
7067
1092
9835
3869
9408
9021
7307
5679
9754
557
6768
3141
7633
8913
107
51
6723
1751
8250
9420
4258
7730
1424
5802
7239
8179
4867
3520
6545
1452
870
5983
5655
5707
7061
9555
2983
2141
3474
5625
8283
6861
5802
4037
7439
1922
105
5037
383
893
3346
9647
4204
6286
9673
4239
7639
3477
4344
8223
2482
2622
8185
7635
2941
4165
5563
9346
9698
7928
49
6182
9855
6732
1429
5137
4038
4205
5966
338
3890
8684
5112
6430
1814
5430
1930
6767
5488
214
6678
9455
4400
5252
2311
1830
7082
6470
6087
7754
8844
1463
2671
3031
1270
2931
4884
9618
5696
3698
7180
2238
4073
9575
263
190
4032
902
9215
1291
6578
7743
8334
184
7448
7214
380
2473
7061
96
4720
373
1307
511
4114
8459
1671
5744
1246
6862
3528
3891
3115
3075
7001
8038
7935
5967
3560
940
396
6882
5797
5784
4822
9387
7224
2057
3025
5855
539
20
9447
671
133
2233
119
4339
6451
6231
2865
6526
2477
8545
3271
3165
4158
6149
9354
7195
1757
5945
5916
1243
4015
3725
7403
3667
5852
8699
6497
3536
4966
31
7404
8589
9634
3059
4859
5170
3418
3417
6256
366
7432
3292
4052
8166
5614
4804
8975
1551
6259
393
1596
5495
417
784
8929
8982
5841
9508
1489
3602
2341
8144
4821
1944
9181
2631
3229
5366
8405
8494
3974
7070
9271
4818
2706
2536
812
5458
3083
8417
1566
680
2200
5027
8784
6685
8077
7198
3242
3233
4195
6308
2648
4366
4133
4253
6924
3061
1695
9839
6952
1372
3207
3762
5761
5840
2110
3836
2043
3336
7395
2411
1120
1162
4006
9513
2753
6732
1050
878
8586
2012
8964
6723
4454
5802
8677
2612
4363
4423
2440
195
5936
7501
7192
8078
8062
5220
4082
3404
4162
4406
2724
2095
9901
3399
7920
2531
4239
2502
7654
8299
2808
5368
7513
8535
9577
8433
5340
5808
7903
6921
4194
3951
8324
8893
5494
5830
7770
4170
2170
6507
9442
4900
5823
9345
5270
1731
8657
9271
9168
6148
8067
1017
951
5069
6206
8374
601
832
9122
8985
9891
3611
394
8261
6791
4625
352
2762
8203
823
819
7794
9757
1361
9366
2510
1875
3132
927
7077
2350
2468
6157
1954
6246
8829
180
5322
5711
9163
1610
5279
2330
8433
4323
8050
4491
9872
8951
5139
6510
7369
9687
4354
1438
2163
2000
270
1254
9870
622
7316
5068
4598
246
5737
895
4375
5253
9080
5275
3825
8933
3727
4676
8602
489
8369
7436
90
6847
8737
812
8008
6501
2413
4526
4945
8338
9541
8750
9969
5158
8216
6102
6386
3656
6321
4002
6390
8036
2236
4675
8466
85
4444
9405
4191
4854
59
3725
214
4093
2354
619
5154
464
3008
3317
2284
1165
4874
8652
4801
5576
1971
4697
2698
1634
4716
4033
9209
5992
4143
2136
8759
6110
4663
8732
9914
8360
9951
4390
2526
1732
9730
1189
3714
8802
4828
3474
1130
8203
6528
5565
1233
8894
6352
6674
3187
208
760
7069
5123
2185
2706
9547
2192
3185
2551
9098
8688
4697
6227
7858
4929
687
4890
7652
6352
8460
6819
2873
4784
3239
8930
1561
4152
44
1654
8157
6136
3869
3611
2031
317
9166
1810
6126
8700
5971
2474
4349
6049
9212
5079
6018
8983
5351
9147
8744
2233
6053
1480
3328
6489
9650
4296
7393
4898
9465
2155
9223
6054
8426
7381
2773
6412
495
9113
2644
9059
844
2338
5620
8788
8528
4992
3919
5387
7690
2605
321
3220
8943
2246
6057
2329
9386
6934
9786
6272
8111
1829
9184
8617
3475
381
2550
3156
7401
8379
3086
4137
1556
5338
3426
7664
2678
6334
8613
5415
8212
848
634
2760
1028
8320
6940
5440
5414
2402
3588
505
2735
8886
2369
7491
8171
4611
7793
1052
1684
4356
4706
2986
5852
2204
6460
5437
3347
2392
1920
7635
403
3678
3220
1934
9677
1430
4447
9830
2864
1969
9987
3794
5056
5941
5262
7422
3375
2382
7498
9443
5917
7584
2012
9622
1269
2952
5553
8970
3538
7593
1276
6556
9071
2563
1562
1727
1965
5442
3831
5507
6079
845
5267
1357
2271
1947
9517
4592
8977
7510
7324
2656
8033
4177
6976
2963
3781
221
1383
9083
118
7151
4189
8434
9991
3390
5682
1377
3934
43
4273
2923
5448
8189
3488
4735
3913
5745
7708
5417
42
7158
8508
2413
2617
3405
6694
1157
501
240
6278
7450
3189
3126
5392
1150
4270
1135
2943
3737
813
4339
6614
7946
8777
9016
5096
7459
6519
9992
6035
6129
1362
1490
9037
7207
3943
1023
6997
3367
9559
7246
1620
1520
8320
3779
5456
6948
9692
1230
4030
3767
747
7474
512
1527
5969
4066
9443
5122
3567
7791
1922
6475
8682
7224
9652
7153
1886
4999
264
9468
3734
6913
9651
7565
5908
3924
7487
1679
2443
9312
684
9436
7639
5917
8159
2072
1761
7554
5700
289
6749
1085
3962
4720
9398
3568
6701
2003
5265
8380
1638
2608
7246
8618
3031
2536
5273
6443
9884
2014
2320
9821
5672
65
9934
2381
369
3864
5808
7181
7388
8864
6538
8205
1648
4094
6710
5327
5225
2758
5911
8562
226
1842
6016
5637
8793
320
3707
174
6109
8377
6152
7605
4220
6300
2255
8971
3836
7901
3258
674
4212
9921
66
728
2567
8096
790
5144
1049
9678
3395
470
7636
7909
6755
3104
3286
3773
554
7895
2382
5841
6060
5112
126
9382
2490
9787
1834
3398
9450
6242
4582
4845
3696
7946
3975
4806
9083
1531
1236
8209
2934
6434
2856
8787
7373
6056
6134
8199
9206
6362
9448
4779
3210
4472
1981
4500
1716
1295
699
2774
492
7888
1606
3173
7207
1110
753
331
6077
3107
6497
2678
6902
9678
7710
7329
9166
8772
9490
908
3311
8592
3334
3575
5616
7615
8651
5606
5768
9716
1623
7316
7960
6023
5467
1255
1898
7744
5603
6659
5158
7246
7646
6539
1960
193
6213
8962
900
2815
5213
5949
3872
9292
9903
5911
4942
5873
573
5380
8856
8309
5270
8465
7321
1857
3868
872
3247
3585
1000
6491
6693
3849
7539
3903
5486
8547
1252
1165
3302
3152
5210
4426
3286
4686
7603
393
3558
577
5414
3429
2347
7676
1431
3323
7239
9238
1020
6062
6696
8892
2315
318
2795
4619
1082
1938
859
9902
5480
8421
6237
9727
764
8612
5361
1172
9403
6143
9804
5584
9029
3943
6398
5376
5020
3339
4481
1347
4709
8025
4466
5922
8383
5878
5094
976
5621
3487
1747
8430
7061
1671
2270
1421
8261
2734
5834
9451
6171
1207
4570
8630
6981
9439
8889
2363
8181
7193
2429
4858
518
119
6584
4794
6463
6611
6445
5029
6945
7304
2302
5968
8278
806
757
4409
1744
7846
6682
9651
8436
8597
7186
6780
8124
1791
5357
8456
8458
6084
7076
4621
121
2296
9987
8946
6821
3585
531
5950
9997
3901
9604
3500
2805
2448
1258
8570
7572
8473
6333
7603
8240
6236
3691
2867
9027
2598
2704
8153
5810
7251
9847
1210
2113
9944
2330
7309
5213
4251
1103
7251
5488
5796
6323
8259
3387
6728
3178
5842
194
4708
445
5359
1513
9623
7653
331
2331
1910
6052
9803
8629
170
4973
9002
4472
6486
9865
2855
3636
5755
682
5939
4447
3350
9154
6310
3588
6934
8247
4493
3279
3934
9654
7157
3008
6551
9344
5031
3804
887
9381
6187
2138
7469
2317
7391
8767
6360
7844
4910
1416
6158
550
6092
6232
6095
5025
7025
8072
9499
301
6695
6567
9070
5732
1013
4974
8061
6886
4081
6836
8233
9598
1991
4422
2037
5825
8738
7070
7943
110
8326
3496
1282
224
5395
2606
8572
9844
3813
6664
6577
8713
4946
5905
2912
111
7921
9475
870
6041
8138
9953
8391
7344
9166
4042
5334
962
5423
2495
4976
3959
8093
4156
7325
6835
9337
1751
1650
7458
4309
3710
1128
9392
4268
9819
5774
1113
975
2304
9860
1177
9923
1783
9196
7988
5929
7451
5417
4246
99
7327
3343
1712
1598
7435
4765
5065
6210
3743
537
5186
7386
9060
9471
6201
4321
7372
1658
5402
8889
3756
6346
8631
8352
2266
3165
9649
9060
7697
2635
8529
5057
2323
1735
7299
6318
2708
8838
8372
9764
9774
3925
9853
7972
9738
9292
1825
7285
6899
8520
1669
1572
6694
1803
5043
2138
3764
5293
3279
6887
1059
737
8215
2628
5783
1487
7961
1128
9102
2668
9688
2667
9021
7398
2545
8991
7841
4059
9329
7828
9251
8433
4242
5805
6870
4431
7022
77
2729
2033
5453
8515
2530
4558
5629
6862
5143
6487
8225
7874
4000
9125
8500
7626
3877
9344
4961
3243
8057
6407
8566
4520
837
2633
7540
7280
7293
1667
5492
3258
3441
2484
2141
1581
587
1754
8392
846
206
6853
4692
2817
8235
7500
158
382
661
3277
1234
5663
3268
2237
7892
9813
4714
3524
1536
571
8386
7205
2731
4741
135
3981
7348
1944
4848
8168
3926
8244
4888
5150
925
2361
3191
4589
1267
7135
8687
9151
7833
1202
1436
9196
5032
3902
6851
177
1884
4419
6219
2876
9496
3616
7964
4213
575
9742
8988
6961
4383
1052
4602
1458
5317
3274
7849
7068
5146
317
4821
4591
3530
9844
4600
2913
6495
1478
5847
8654
1554
4633
42
5540
4827
3285
5585
492
6998
9243
5164
7045
6839
9927
5703
8041
5825
7175
9899
7483
4453
3398
3950
2979
8537
9111
8069
5175
4273
5603
7041
2575
7419
3964
1438
1573
7320
5991
9825
6037
5085
3208
475
7450
1753
3173
5167
8269
915
3835
6779
6645
8488
809
1983
7918
2622
1848
9874
4171
2956
4746
4373
8223
1873
2560
8166
6366
4178
4023
5492
8015
7228
9965
607
989
1792
2901
2046
5129
6294
2286
11
7764
3049
5519
6639
7782
7791
9041
8744
199
1978
8834
8809
6948
7753
8618
6081
7894
8776
1778
1577
9655
4299
91
614
1701
8430
8490
3761
9683
1091
5040
2400
5915
6045
9578
4291
9403
243
2510
4005
2374
9636
5505
4511
8573
7781
7743
4986
4215
7096
7434
454
9228
2121
1791
3475
9434
4008
5048
6322
8818
3358
113
7453
3264
2428
6921
3517
165
8751
5895
6947
8337
6275
9397
8335
4275
9182
75
5773
3968
5615
5774
4541
7691
6477
9117
6572
64
6182
5956
6162
1078
7166
6188
3029
5604
4885
3450
7952
2772
4769
7658
876
5262
6301
9783
6001
449
1752
6109
5813
9712
1883
3867
5961
2129
4353
6720
9175
6691
8905
2552
8049
1507
1182
9078
2608
5725
605
6141
9069
3022
3573
3743
9413
2501
2591
8784
9130
3427
7850
8122
4573
3184
869
6812
5826
1097
194
6090
5986
5085
3641
65
0
5922
3172
4285
1867
8888
5676
6982
9640
2126
3308
1981
3447
1198
2676
3618
2496
3808
1242
5992
8832
8811
4781
8491
8962
9285
4360
3994
2479
4427
353
6378
3501
2841
4092
7929
712
2188
3699
8381
2523
8014
3193
2902
2841
3393
4675
505
3213
2716
320
1560
7846
5884
3555
2398
4736
3790
5227
2701
3056
1522
6557
8106
3948
3773
3511
2373
1707
4642
6330
4489
3358
882
8572
9053
8145
5647
90
4764
1215
7976
1249
6601
9186
6833
6372
1003
7639
8929
6736
6436
7771
8924
2922
2750
5030
7117
5426
3770
6104
95
5896
3992
7802
6659
2660
2889
5682
3519
685
410
7364
4064
4117
8247
3737
4170
5996
2733
2095
1283
2022
6373
8337
65
8804
7090
6873
2009
7039
8616
8730
3304
4249
4208
5620
3631
7588
8569
6198
8123
2798
8101
4711
5519
5779
7743
2160
1081
9826
9650
3514
1128
4652
5390
1913
6936
9208
8407
554
2835
5498
8683
6941
693
9377
3416
8531
2671
8614
441
4697
4904
5146
2870
4443
9806
4917
5870
6196
3140
4853
9805
8954
1942
5951
4601
8209
3965
1410
1946
8256
1531
8389
3406
1669
3509
4726
6946
4612
4941
6558
5153
5726
4203
6534
8563
6062
3342
2423
8151
354
1495
5007
4315
2159
4128
6399
3964
6800
3093
9772
7694
1946
259
1678
4369
1755
6436
5497
1204
6755
7513
4770
9374
9049
8649
1647
170
4108
3765
1550
7820
8454
6914
6441
3713
7926
2228
2330
2503
2376
3970
191
5830
436
5396
842
9685
7916
5654
5199
2541
3069
4596
8346
8979
1849
9096
7536
6410
8341
1016
438
2106
4848
7729
7942
3629
5444
7421
3184
6141
998
6699
7090
5812
1146
2977
7572
787
3241
1004
4571
7577
2418
714
8167
8455
2407
3871
635
6386
7220
5760
5494
2742
6196
806
1139
539
3122
8106
4052
538
6718
3742
8154
5220
7014
6537
9662
7735
1456
824
3504
6215
8670
7617
7189
5790
7847
8721
7715
5695
7789
3097
80
5470
8998
3181
1539
7133
6708
5791
5535
9090
5686
2507
7797
7918
557
9922
6191
3394
3581
97
1513
5826
4385
7444
6953
4643
1496
6037
4128
5548
2389
7134
7889
8101
6587
6419
3951
4214
5946
1217
3222
8674
3081
1406
6511
9803
2793
8691
2942
2119
8039
8831
5809
1644
3523
8280
3096
7387
797
9894
9219
5355
6382
2999
9166
5
5140
9782
1682
7917
9629
89
1238
4578
9674
8749
2169
4677
3912
8150
6048
3786
5929
4830
7926
8332
7606
5445
2177
5430
3737
8204
9040
5670
9168
8643
4859
9883
9130
1509
432
5605
564
1512
3254
2097
9839
4033
468
2311
8807
7510
7256
5550
2975
9143
4716
3149
2261
5679
4258
7182
4756
5579
4062
1859
5146
5166
8233
626
5008
4313
8096
8169
1086
9256
6201
5452
4113
8842
2992
7987
7601
9330
7417
3563
966
3452
2202
589
2920
589
1116
9768
1338
4891
3122
293
123
6924
5465
4932
4838
3859
9269
1003
5247
5730
6045
8470
6139
123
3336
5029
5634
4576
3750
7827
3999
5831
5970
5092
1676
3282
9138
830
1150
6588
9912
6916
2263
165
4807
5262
9812
9822
3519
2751
9105
3106
5487
5040
7674
637
8420
7744
4917
2378
7488
6195
3921
2746
3621
603
1137
441
5677
558
3398
9945
5988
3444
8496
1443
2562
7277
8032
9133
5894
6757
2299
4194
6373
9177
8000
5311
1375
5174
730
1103
7459
7703
4896
4048
5632
4205
8663
5717
1185
9487
5040
8842
9576
7024
3007
1326
4098
3038
1883
9639
3649
5970
5566
6662
1082
9169
8942
2599
7465
3112
1852
3323
2175
6419
9901
6356
7205
7373
9449
1813
5875
7598
5534
3784
6275
5645
5811
6511
3053
7369
6733
3516
4135
6528
4931
7287
1082
2415
9184
8235
211
9091
1609
3970
6499
4911
1457
4820
7722
221
1
4946
5393
8126
6739
1688
168
6726
1227
6448
7726
1053
7849
7848
8615
5292
7532
8477
8474
1107
8216
1818
4081
2384
9035
9162
45
7654
8898
8193
9830
145
8600
9088
247
8046
3209
7888
4678
4698
1841
4841
3213
424
1081
4961
8609
1753
1661
5620
396
7532
8510
9330
9543
8867
6538
7115
4763
2175
6332
3831
450
1289
8001
1510
2864
7873
3618
3160
8138
3407
5905
7819
9954
9180
412
8854
7087
4453
4425
9427
4267
2361
3290
1419
2508
7921
9828
7587
3187
9087
2055
7684
617
5968
4060
3786
9478
5995
2293
4348
187
8024
9917
7267
5557
1201
6027
3525
8669
8764
6564
5291
3715
3653
4113
4684
6166
3138
1112
6637
175
7383
9442
677
1564
3670
7973
9487
6427
3098
5108
3531
1814
4216
6020
1625
8724
6685
4920
2019
4664
4075
3806
3334
1830
8836
4628
5191
3657
6938
6726
3146
2079
2158
8981
6557
5035
6632
3047
8424
188
4948
4697
6967
8656
3593
2421
6447
9702
1410
6367
7069
9578
1255
4603
4670
1864
3087
2770
8218
8833
1405
4490
9886
1559
840
5921
4266
1202
1614
4025
1108
748
361
4352
7484
9819
724
2648
269
663
7185
9912
5983
6758
8157
5176
4538
930
3937
5610
536
7070
913
8237
1425
8761
9665
9545
9330
8378
694
3389
5149
7341
2141
4469
6353
6730
8882
568
9957
3699
6502
8220
2822
7679
8917
9873
3033
877
6574
7536
7548
4656
9589
1500
8264
5964
8678
6974
6535
1688
6911
2075
787
7808
6737
6597
3211
6703
2462
8281
8401
7656
4046
7067
7757
1439
5626
2366
7299
2438
6749
9718
7561
9614
840
6496
3983
6159
220
7817
5934
1093
7036
8543
8376
3572
9800
6810
4399
2728
3026
1121
7093
435
1062
963
2937
8186
5155
8625
6426
1947
7620
5061
6313
8138
4984
5501
4301
3221
9165
3058
151
539
9993
3335
1753
8227
6450
8831
2278
8267
9567
5548
8613
9844
5475
7300
3372
4625
9135
7494
7032
2424
6352
6609
5404
1898
3238
9686
2681
6801
8301
7243
977
5651
9179
6308
7881
4973
8228
8635
9237
8267
1318
4939
2107
187
7620
2881
7280
6974
6948
4129
458
1823
5733
6319
5580
4481
6577
3867
4310
4499
8130
1362
9928
1197
7180
2871
4531
3361
1507
3419
3181
577
2645
2075
5170
5278
6541
3008
1730
3859
2152
2123
4965
8882
2309
9163
6869
59
7720
7354
3398
7677
1011
7967
2983
1710
5474
9383
1291
2726
9375
5282
5543
355
454
322
5469
5799
2180
1088
6681
7432
4870
2001
8470
6141
6303
5147
2782
4159
2295
4231
4241
5635
9735
4820
8221
489
848
4309
4806
6783
6032
4659
7833
540
9094
428
2013
5237
6279
2941
9704
1487
2213
2442
596
3805
7761
7247
3526
8011
6381
4052
4816
4496
1505
9703
1644
4220
7879
6385
855
9823
1149
6613
2579
2887
6696
2781
484
2931
7497
3797
9103
5351
6037
2764
4477
3211
5844
2355
6514
6084
3496
6586
7085
1229
3121
3753
6490
584
854
3934
8520
9459
269
4422
7422
1825
4977
9593
3100
4014
5544
8911
1241
454
318
2446
7577
6534
6521
1672
1573
4763
4456
2353
2280
7772
3448
3513
9074
9817
6594
7948
99
684
1916
6027
7890
8875
980
4995
4412
3232
9536
7943
9513
6998
2119
9477
113
5034
8786
5200
1004
2321
4518
5070
741
8127
1960
3959
6238
4156
2676
4173
7433
2453
469
9934
1197
972
4726
2611
3793
562
9655
1883
5062
5456
5121
8171
9261
3528
7408
9976
3550
7609
8780
949
6442
8012
9983
9154
436
162
6549
4352
6135
8813
8194
3181
5480
1794
8014
2125
8466
3360
8738
3742
9437
6303
7827
5831
4188
4480
9331
1638
7529
8950
6239
5607
3120
9356
2319
6048
6107
9718
4385
1072
7600
2260
8429
641
3272
1022
5319
2528
8898
1961
8252
8544
6847
7522
5702
4260
4726
5090
5793
2671
5428
1748
8583
2131
5894
3023
494
2376
745
7415
5418
5008
3230
875
1451
4222
2605
9050
6128
4076
1227
3689
5259
7870
206
3873
6617
2564
4093
3997
8106
5343
9033
5240
5481
1072
9076
996
9914
7987
2672
6637
5726
9010
3999
8751
5828
8004
6937
2079
4759
8010
6354
2753
5935
773
319
2861
4824
213
9871
8528
6708
4576
7098
5778
283
6502
1639
5413
4030
4583
6718
945
3483
2712
9285
5580
4587
6522
5942
6692
5155
9584
6355
720
3610
3551
3449
1085
1482
4618
5506
4013
5241
5497
3551
7902
4105
2316
8886
588
2431
7825
4452
8465
9831
8024
4263
6330
404
5745
8374
7244
8556
4541
9733
8268
9824
3434
660
6510
2642
8180
5738
2570
7619
6607
9316
84
7352
1681
9589
4059
7006
1069
1259
9429
7196
6499
7385
2214
9944
9062
6070
4902
6137
775
9373
4560
6679
9276
3401
4350
9443
7405
3648
8267
9321
6265
8981
5794
2882
3181
8281
602
4483
7168
3632
5643
6471
826
3445
8512
8268
1943
1906
1953
6979
191
3940
4099
39
3703
6522
1035
4419
1502
9462
2832
8153
8320
5705
3562
6319
4719
563
7437
4608
9735
1946
3103
4575
363
1060
2615
2409
1615
9181
695
6109
6043
3072
397
510
2277
4017
5030
4625
5193
7454
6667
322
2128
9880
5107
5044
1675
7073
8083
8994
7576
2375
6532
8233
8915
7896
1083
5318
1587
333
3293
607
9111
313
7134
2021
6554
5741
325
8698
213
7054
2852
1650
643
6027
789
7582
8498
6174
1719
8356
8103
7813
2470
6468
3816
1376
6625
4051
4999
7105
3259
8740
2583
4459
3681
3871
3862
8984
2486
6140
3988
5285
7244
4105
6134
4249
8826
1379
4843
400
7971
8766
1445
91
3496
2841
7565
6364
4668
796
3918
3557
566
8514
7153
8646
8406
6863
8839
9664
8151
8391
8355
5574
7251
2871
1805
3728
2114
6950
1045
5446
5025
8730
3262
3369
1784
4251
1821
3413
9585
2751
8238
1319
39
3581
9128
1078
7133
1804
5194
1122
1690
9944
8700
3563
3465
5493
3218
8328
687
6877
2237
1529
5047
9891
7470
5283
6241
4866
1801
8616
193
7767
1890
9063
7694
3962
7678
3506
9664
4562
6788
5473
5330
4498
6380
3616
9679
8328
1285
1799
5303
5512
6116
4076
4590
9350
7660
3088
5453
3391
6286
3215
9816
5912
8667
8516
2221
9009
5103
8104
3626
7498
1393
5791
5337
86
4005
6941
1732
9382
6150
2144
7740
5967
9863
1090
642
8060
3830
6198
6671
1140
168
3161
6700
8671
1818
402
3925
288
3785
7492
1767
2349
5629
2523
2760
4898
8328
6861
1224
8456
2357
969
3318
9966
4808
6600
6560
5144
3497
4490
4902
1002
5070
5491
1938
1101
5723
2304
4988
8085
6738
3449
2264
9218
1790
9067
2391
2887
9217
2478
9917
2600
6553
9850
7961
1464
1051
7570
4431
2905
4586
2526
4525
9376
4366
6803
5881
9197
9167
4291
706
2135
5344
7403
3554
9152
1543
7266
3039
9281
848
7331
7426
4560
2667
1389
5031
9098
5204
1186
851
3146
1913
2479
3753
3873
1169
5028
5284
8827
108
4319
2068
4891
7454
5000
8953
957
3086
4521
9264
9110
8996
6430
1475
5158
4231
5420
2681
9667
8392
8856
1287
939
3009
2968
8866
199
9356
3587
33
458
5100
1397
4690
3639
4325
1956
95
1333
3594
517
9032
5638
2676
9093
7907
4364
5547
4214
1781
6418
6004
6264
3248
1884
1838
133
2677
8319
4026
5324
9523
4109
4202
3915
9380
8082
1665
4493
179
4909
2695
6945
8218
8283
5134
3961
5998
888
8333
1761
7584
2683
6911
1505
2935
7875
6756
8939
8159
5628
2059
6657
1845
843
2425
4659
6616
9518
7648
1336
2784
2995
1219
3313
1037
9660
7035
5215
7556
188
5344
7453
6862
22
7389
8702
7965
8802
4712
8866
6586
2669
8572
6907
1846
1566
5389
1281
1578
1672
3945
1375
3730
9017
3136
3588
3003
5340
8200
3923
8078
9917
851
5190
3897
145
5859
6745
4946
3573
4578
3360
7314
8003
9161
5975
9259
1284
8466
3168
9858
2323
215
8294
4207
6167
3854
8930
893
2447
8813
80
7385
9748
9670
3381
2225
5079
3432
287
2041
7341
4278
147
9632
6983
8838
4748
2745
8209
6914
2680
5859
906
2974
7905
2323
2545
909
1259
9564
6948
2695
1657
7710
6998
9011
366
1704
3840
6346
8808
1775
5600
5958
2066
2221
8328
8111
3564
4030
9412
3307
1710
4060
1229
6544
7556
2698
4200
1811
9678
2524
3004
3583
5412
6937
9071
4580
4248
1346
5994
4189
7131
4524
2348
6049
4449
9009
5675
1456
7513
8726
1608
2140
1543
802
2896
6243
8545
3392
250
4271
6349
8293
1822
1017
8238
3620
9531
5674
6786
6673
1722
4353
5106
86
788
1201
4893
170
3979
469
6767
2135
4971
9578
5870
5695
3740
6091
7064
9512
5634
360
3373
1584
3929
6006
4598
3917
1005
1582
4145
5790
3364
3638
8449
6405
256
8035
9868
9819
4926
4816
9726
6868
7457
8497
3572
27
2626
620
610
5809
2694
8730
2068
278
3382
8458
2333
292
7116
216
8178
6746
5643
8232
4712
6377
3247
924
2627
4248
3947
1680
104
4632
8149
2711
1430
9396
3258
425
6160
4305
2838
6149
2444
465
9451
3303
8866
2141
9070
5899
7018
9293
1676
8399
9057
2101
6787
5749
7687
4696
9778
4865
7635
9844
2975
4329
4449
6585
8065
1517
278
6580
5669
355
8331
2942
8055
7313
391
3586
1579
6920
8060
3329
5508
6163
2990
8005
8233
7373
6872
2818
3170
3483
836
2521
4046
7344
5016
7580
9859
1944
1290
3543
7105
7900
8095
4563
2055
4601
9305
3470
1780
5782
6234
4187
1798
1208
5064
8170
6200
4157
4099
8527
3839
9509
5555
8172
5693
2698
6159
7828
8176
7912
6615
6342
1738
5744
2372
2901
4543
3903
7563
2234
3445
9227
2226
1080
9300
1649
4540
4982
3253
9449
6057
1620
9787
3545
5286
6393
6554
8798
4713
557
5550
5498
4330
1516
7428
2974
4947
3898
7433
4547
5335
4530
7446
3082
8136
4551
5302
861
6221
6015
3165
2543
517
4697
8394
3774
7557
3224
5934
9173
3482
6427
4936
9215
2046
3757
877
9783
2010
6066
8757
7426
8819
4392
8577
5834
5532
1685
9259
6230
5522
2517
6684
9571
4087
9864
7453
1252
1014
5743
6205
706
6257
8463
1673
6960
305
3205
7613
88
6437
6294
950
6034
5513
7720
1872
1331
2823
8167
6018
2310
6070
7218
3241
7679
2985
2112
7944
542
9350
2569
9763
9294
9379
1855
3366
8281
846
8993
4032
71
1810
6043
3220
8988
5417
8198
7734
489
8837
6736
2046
5108
2145
4817
8727
3157
9732
5712
9220
723
2999
9846
3900
667
4583
129
7541
7161
4781
839
8444
4938
9307
2085
8143
3673
8306
7783
9776
776
7572
3846
4210
7534
3365
2864
8123
5309
4511
6983
242
1240
3064
4207
2686
8379
2415
2633
2609
2441
541
9055
3905
236
2959
6541
8329
7078
4003
2787
7971
2536
1329
5973
8306
12
3135
5332
9887
4264
806
6836
5386
2141
9486
5842
1070
6933
5846
5175
1216
2758
2517
1223
9245
612
2383
2841
2416
9897
6271
9430
4791
2006
992
3823
4755
391
8550
2255
1661
7779
304
7545
7377
249
2803
7450
3835
6690
5533
5506
2582
4508
8390
6805
6210
963
2811
8542
1122
5668
1857
5470
2049
100
9778
3542
2684
9002
8077
9621
6674
1976
2351
359
3994
5697
173
1921
6781
680
9900
573
3696
7865
5003
7832
1272
6603
134
5137
6460
738
7768
4061
6421
2202
6592
6325
3615
8422
2079
7772
1732
9986
7805
3830
5953
4090
1442
2693
1673
6141
6852
5388
2748
1499
6161
4279
2760
8852
306
7168
2862
8463
4768
3679
4294
7251
2859
9620
6773
544
4343
3293
1021
8060
8790
1105
987
7678
3004
3104
5587
8246
6783
1507
1697
8305
3570
5833
8056
4752
5623
5891
6869
9632
203
1847
7748
5385
30
2430
8322
5399
5367
4814
711
2541
9620
4401
9111
4888
3875
2448
8321
6402
5062
2524
2155
3342
1866
3722
8264
5437
2131
83
104
372
268
9052
5546
564
563
4365
2512
4546
5581
416
3680
6737
7647
4930
5162
4263
3862
6722
9106
3534
1499
4855
4437
4173
8945
3257
8644
9202
6361
6003
6485
9805
8364
7228
1444
7442
2823
8784
3225
2195
6800
8676
1809
4340
8011
2739
5767
9705
8562
6358
9731
6063
1450
2295
3744
9587
372
4284
3267
9133
7204
2051
3510
8393
6440
4924
3479
2911
2980
5084
9589
6290
658
5914
2703
3554
5882
346
7107
8544
6449
3750
8328
4426
9280
7744
589
9923
9109
5867
539
8169
7411
2586
4557
8229
5358
9768
576
7599
4060
4305
6593
2716
8224
4629
4001
191
9059
8727
1416
8179
4950
9138
2020
1047
536
7915
3454
9038
2825
5359
7856
7640
7006
8879
929
7533
8536
9186
9854
7713
5237
2489
7622
840
2287
9516
4540
9334
9437
632
6454
9074
8610
4131
7493
2098
2664
3042
9522
7857
3019
2786
8191
9430
7096
4625
9233
5709
1087
3325
4763
8990
1800
4133
3853
1096
6501
1418
3906
4599
4841
8133
5068
3078
7325
2212
7480
1312
3624
2533
860
2015
3879
3137
4454
2188
9131
9673
5269
6153
9005
7311
1771
715
1834
4478
6940
2526
1517
9380
9135
1637
5108
8846
6360
6741
2349
6100
6258
4049
1223
4824
6243
1595
8622
1521
388
4115
4557
750
6490
7450
4129
6
3278
6738
9260
1875
8856
2382
1214
6882
7337
7097
5301
9631
5872
241
5606
5035
7521
9113
2516
7487
4105
128
3430
1927
8150
5484
2081
6608
3126
5281
2892
5362
9072
4101
9276
5773
909
2725
6210
5894
2249
2882
2102
1141
4134
8860
7852
8130
6950
5425
8502
9401
5734
1876
2103
5600
5671
5573
8853
1798
8170
6529
353
2711
4304
9755
7425
1240
7267
4189
3929
512
4552
4809
567
3352
2075
5753
6905
6581
2853
2619
8612
2084
7160
5150
1539
1648
8553
3652
4355
1357
2507
2721
3404
720
1122
3805
1627
1559
886
5963
1362
843
9336
4109
1900
1654
3423
502
6888
4869
121
5722
795
640
190
5266
1447
812
3885
1147
3125
599
3212
6763
340
4623
7100
7602
2171
1675
6897
1555
1432
6489
7351
5766
517
9914
6421
3578
8618
48
1186
6188
5691
3086
5683
7573
1385
2530
2132
4326
9094
7168
524
4676
1764
3857
3001
3768
7611
5110
6530
3239
9596
1352
1241
7559
4276
272
1454
4128
5603
6786
9499
1051
9644
70
6740
1477
1227
7318
1737
3059
6011
5766
9066
4959
5696
6223
3553
6743
269
5543
7416
4425
7295
8831
6633
1319
8327
9121
8776
7202
7676
4500
4029
6282
2097
1115
2276
5626
4053
8143
4228
8447
4397
6506
7739
5390
4009
5977
1345
6348
2776
199
5214
9352
9172
8908
9302
7062
9169
897
9205
4301
6988
7330
8757
8531
460
3121
225
3010
1696
3578
974
5726
5658
2412
6021
9322
9851
7078
2368
1868
5560
7128
1909
3442
4972
4275
7183
3924
3119
3452
3543
5246
4873
492
4238
2965
432
7825
7878
450
3781
4562
6918
4970
8116
6228
6787
6475
692
2808
9306
2396
3219
6427
5435
4999
7080
1289
4143
1835
3921
4764
9584
2856
2452
4880
4171
8695
5164
1535
7539
9094
4811
769
9475
4621
202
3926
5526
4007
8838
3789
2917
5529
6970
5364
5666
7575
7349
7298
4004
774
2585
6618
9986
6206
1810
5100
4043
9999
7435
1375
5795
2813
7208
4620
8732
7414
1256
1056
397
5617
9227
3459
9025
3690
4370
9614
2048
719
5537
5761
1996
7808
5308
3157
3138
233
911
842
6930
8668
9591
3000
3786
862
2093
4409
654
3454
564
392
1135
1987
7634
848
4964
5002
9159
9456
9739
6525
8619
8815
4021
358
6856
8271
9787
9605
3991
928
7061
3237
6773
2385
6481
581
4168
8006
3745
4899
6157
8607
4185
4675
2649
9753
6733
4229
536
223
7379
6982
5220
1150
4721
9403
8784
8431
3145
1872
9418
4975
8087
4717
7348
9088
3240
5441
5117
8918
3328
733
8617
8059
5607
9461
8626
6279
4825
1781
1755
4983
952
7135
5837
9976
2265
3798
6366
5943
752
8712
4684
6678
5093
8426
1508
7102
6024
8825
2476
8896
8983
8839
1112
7321
9133
5012
8584
1705
2916
9281
5712
1744
6310
137
828
4419
3821
1798
4962
5786
7645
8319
4269
5789
8573
4198
4924
2585
7806
8828
7826
8020
7738
5999
6895
5743
3071
7782
4864
9116
8471
7502
7694
5069
3174
8096
1241
9649
8030
8309
2643
693
4227
485
6791
1698
1361
4057
4588
2413
6469
3904
5333
517
7977
6279
4095
8114
2369
7892
1098
3474
2961
2228
1890
6807
5377
5896
8494
1516
8164
5011
99
6310
5753
7160
1783
3572
8606
2574
8924
8820
5674
8741
407
9157
4483
5172
6618
7397
1668
4493
2706
6268
2936
7895
5841
941
1777
7579
9051
9434
4447
9470
4944
268
4338
7054
2245
4242
2851
4703
4404
5646
7685
3427
6263
5080
4791
8607
9390
5689
2742
4272
4414
5744
3937
4827
5705
4338
6643
4339
3641
5178
1376
2778
5952
9974
5531
4356
6021
6332
1089
1977
8874
6370
4246
2264
2543
7570
8242
1245
5096
8655
1258
5111
7365
8773
4175
9652
3789
798
5048
8879
2246
6688
4495
9151
4424
9206
4474
3654
505
4011
1240
497
3265
9428
6463
6172
3136
6036
7722
2874
4986
1409
2824
3979
5703
5849
3225
4996
6599
1516
2322
7569
9621
6711
791
20
4425
2052
7702
3869
6183
2960
7638
8370
5684
5011
8
7177
4187
1633
7635
3011
4976
7095
2672
2136
5696
9887
6163
4516
3573
1591
9595
1422
7360
3996
7480
81
4157
5382
5309
6729
1330
1349
5385
1686
7425
1626
9610
4050
6195
5710
2097
362
3382
6623
7863
5641
15
1382
8399
6136
9000
7250
9879
4867
1113
1779
6852
2946
4346
8139
4740
2381
4477
111
7515
8887
9990
3038
4554
4344
5439
6804
2619
217
6107
1092
8810
5622
4846
111
4296
2768
5982
3435
7289
7643
5421
6663
8139
3634
3158
9971
7894
2796
3418
5317
4267
6889
6482
4681
8581
4337
5752
7709
9520
9131
1285
7837
7644
2486
779
1538
8151
5853
4956
1036
6513
5879
4772
7731
2206
1768
1649
5310
6898
4460
3367
8751
3800
5613
1550
8597
3519
6751
8255
7857
8526
3226
1404
5616
8348
6650
3019
7591
1111
1778
7206
9085
9739
4918
7975
2034
3265
2380
6549
8446
2910
5618
275
3038
7464
1029
1397
3233
9194
6091
7911
80
2967
1351
2714
1273
4507
2129
1340
7056
2321
4348
9692
1988
8719
9161
615
3548
3415
7714
7083
9156
6830
4972
7906
2250
4348
913
2341
7156
5988
666
8623
9452
5755
6159
4262
7705
217
4504
5828
6517
4142
6110
7321
648
4011
1508
1408
6054
4194
8804
515
1769
3615
2763
75
7627
5793
5898
1593
7919
1807
85
1041
6506
3731
9249
7474
7892
3987
357
4533
1992
5913
834
856
7543
5829
897
6050
3011
2054
9124
1145
2643
1159
5477
3124
1721
252
3223
1198
8081
1127
2665
577
9309
5032
3169
8869
6723
8253
2461
3675
615
2867
9458
5209
6764
4799
9436
7426
9209
6519
1245
8306
2932
3077
4002
5994
5518
558
9022
1741
8541
3329
7530
8120
686
9901
3653
5487
2404
521
8610
4073
6757
9269
704
705
3711
9436
4387
2515
8028
8735
3708
8118
8977
3880
2177
9459
9647
9106
7914
4902
9017
5285
643
2833
5678
9121
2528
9923
3215
6886
9421
408
8468
5340
8124
3377
530
9211
1639
5078
777
9482
5994
7191
5838
8065
7721
1603
9650
3263
5446
7934
8002
2935
5536
9030
3067
6686
3029
6200
606
6085
3309
7511
9744
7624
9931
3333
8251
5709
6746
4252
4883
6496
9404
71
312
6989
8932
285
8590
3324
8919
516
9080
3090
8543
500
373
7149
6565
3888
6864
8101
2309
7322
1451
8521
658
9493
4388
6634
8240
6773
4924
3393
2008
1090
7385
734
1623
7825
5856
389
8907
2166
8575
1780
1388
5995
4003
4752
1102
1980
2851
5750
8879
5321
2958
5742
9936
9945
8612
643
1769
493
959
4687
3241
3200
8317
3739
8587
7489
374
1391
3767
2013
4177
378
6430
8335
1777
5087
1002
8853
9806
5906
4337
5187
8916
4756
9039
2712
3587
7984
4628
1530
4801
6718
3149
3360
5412
1587
3604
1709
7275
815
4550
6204
5976
2092
3542
348
9549
687
9264
3063
3388
9700
450
3998
6736
5170
766
9473
8488
4396
9737
8400
8970
2510
2060
4917
4106
9421
4763
5330
7093
8197
9668
4915
1709
1618
9679
6911
9104
1308
7198
239
4725
7744
1858
7038
2746
7948
6287
4790
4445
6506
7871
1927
4178
2556
605
5742
3879
7487
2306
5689
2750
9369
4562
6213
7940
8112
9276
8101
4480
4119
5132
800
1831
3254
1353
1771
911
1172
5028
5069
225
7753
412
2155
4607
8433
4760
6021
5425
3394
3338
5077
9061
9661
7613
1691
6535
6223
8910
3865
5254
5839
2708
526
191
4509
2773
343
523
961
6429
7626
4441
1771
345
5336
9540
4512
8504
8066
9876
8288
7056
5136
5706
1147
9956
2167
1384
8279
4466
5486
390
476
9421
1678
6955
7658
4586
1546
767
6606
8759
1347
9074
4161
7310
370
6324
3587
5311
8725
9966
5403
8690
7943
287
6452
8315
8707
1501
1802
3629
2078
148
375
2303
6180
1055
4258
5399
6408
9944
8415
8732
4518
614
332
1680
7493
484
1947
5107
3814
5415
3628
2887
6386
1610
620
4976
1249
7892
4152
7073
7918
3164
1494
1403
419
9096
9168
2612
3535
4811
3314
4141
8563
5739
662
7316
3951
5285
1329
8395
5440
9164
6676
6109
3880
8732
3079
8614
7162
7873
5726
6631
9695
2358
9845
4067
1830
7164
9922
5943
9168
4280
4232
8886
4332
2748
7421
9011
6826
2759
2759
1817
7524
1069
8336
329
9054
6706
9036
4426
9565
9652
299
5401
4308
931
9991
7800
6300
4095
9701
2221
8054
7346
9386
9437
1084
9404
2228
8332
9037
677
6184
5504
6952
7060
1488
353
8988
1630
6066
5111
4494
8948
1757
6701
898
129
7956
9487
3831
9298
7480
6146
9048
2341
2126
942
2608
9760
9902
3374
2771
5567
7408
2348
2648
62
8286
7046
7144
9936
1508
4691
1082
1560
8757
5248
6165
1693
7269
5936
9639
2316
9306
2012
4762
9636
7163
7240
9275
7984
1460
6599
7178
5209
2169
9646
4581
6394
3018
8202
4446
4817
2893
3956
4096
3085
678
6108
9022
1009
8617
3715
9970
4505
8133
7375
7300
5950
7620
4028
5871
581
1354
1198
6725
136
474
9141
6663
8523
7817
4539
3671
6129
9967
2288
4888
8391
138
8028
8536
3571
7758
1692
9045
8131
9105
637
6692
3692
6041
1037
3492
217
5236
6637
2736
5962
2969
4828
8220
4090
3684
97
8382
4672
2484
24
6866
3649
6786
6696
6102
3801
1632
3650
7487
7580
8779
5175
2162
3569
5141
6589
8283
9322
2726
547
2367
7968
1594
527
9070
6196
4661
9633
5153
2395
7942
1512
8585
3504
2270
3461
2483
5524
1954
7132
5895
3393
4705
910
6106
6532
7102
2227
5042
9298
3185
5194
751
4344
4724
615
7267
3966
848
1772
4664
9449
5367
2240
5383
3254
2972
8594
2895
1568
6419
4816
9408
8694
4040
5372
8734
6556
1267
807
4726
899
1868
5988
3525
9547
107
9445
6354
8998
9659
5647
6081
6846
6892
6362
7849
482
3891
8917
6961
985
1204
6140
1437
307
365
3581
825
4113
6049
6828
3276
9132
1241
4564
9886
9248
1733
2840
3411
5601
2990
2504
9226
5980
2935
2901
4232
3861
1680
2927
2891
3741
9722
7141
548
416
3357
5248
2835
2647
1682
217
5442
2539
8656
8224
3273
8131
6137
9373
4456
2034
6938
9417
3564
9445
7612
5883
9684
617
7457
4115
358
5482
9424
1909
4646
2604
3629
1595
1024
8972
3382
5884
6680
9200
3211
5309
9358
6856
9110
4776
349
426
8505
3364
9006
9779
4231
5010
1882
3032
6609
8228
7586
4367
3786
1981
5856
1968
8849
8707
4264
3434
4559
5355
51
618
60
7734
8410
5079
1854
1828
7106
5244
3776
9082
574
7355
8860
2715
5362
3610
6221
6301
7919
4446
4496
7332
3791
1784
2582
4804
5702
2931
8273
2023
5514
7724
8787
9731
4977
9343
8622
5544
6420
9368
3092
6696
8125
1595
7505
4987
7916
6330
2728
7601
7392
1122
982
7756
3039
8544
4415
5144
6192
1230
5216
7697
7730
9080
6493
3474
868
8099
5947
291
1676
6560
9843
2334
8574
246
3224
7504
7059
1676
6110
6961
3130
980
7984
2333
9831
4917
1711
6518
6096
284
9954
2166
9521
3935
5256
123
5145
1589
5810
1436
4467
9085
1940
6372
211
5512
384
1222
1521
8034
0
3124
9221
6950
5073
8194
9972
5410
8058
9080
726
6402
6120
59
1374
4761
2129
6372
6647
8879
2572
4311
5217
938
9077
8668
6014
6869
5613
5139
7409
1180
5893
9300
2056
281
692
4127
3516
4261
1465
2683
7692
645
1746
1784
6106
300
3219
3183
3507
810
2449
8781
1090
9466
4816
4188
113
4272
1288
5562
2904
9075
8936
7189
2647
3241
293
6741
5017
8466
3290
4563
9241
5456
2761
6084
4394
2714
3842
4641
1684
9036
9213
1135
6922
137
3389
7479
27
208
1414
6867
9527
3650
2435
9412
5669
4028
2527
2533
4331
8451
5044
5056
4861
9825
5540
7752
9272
4944
2756
4089
2648
9894
9200
7273
8818
2168
5937
9971
7449
8599
9737
3089
4363
1139
136
278
2234
533
609
6039
5662
1716
1308
1424
7001
679
8125
1563
2580
7080
1385
5270
2804
5442
9013
4276
4313
8364
7920
1537
7231
9608
7295
8832
2100
5104
9941
2537
1861
3872
9289
4689
8816
1968
7027
1598
3810
7147
278
1377
3329
9120
5757
4006
5817
1491
3614
834
6283
3658
8137
9195
8178
5617
5466
4541
4793
1220
1874
1373
4633
1841
4047
8945
3008
7685
2548
1984
7958
1316
569
2995
5353
5177
8333
268
492
7397
9560
8517
4482
6512
282
2792
7428
6064
8138
7569
8189
3690
3976
3307
3622
7837
5611
2386
8282
7551
5707
1666
9514
5104
3349
5723
1691
9775
5482
6468
2629
9337
4010
9719
8389
365
9351
4027
4765
7239
6436
5157
1988
3414
564
5586
5368
9688
7776
3550
7315
5038
5475
3920
2462
2269
7372
7687
9933
5290
5941
453
5384
4257
2135
2943
3655
111
7044
9218
4555
3121
1214
557
9382
4549
1651
1840
4136
6111
2984
6928
2679
1211
3725
6553
2045
6810
1079
2013
736
7173
6577
7182
2018
6515
8413
4750
6340
1865
5558
3244
5740
8728
4852
2634
3765
2543
7695
104
7168
6332
2299
7585
184
8849
1518
8201
8971
9744
5988
7842
5973
6003
2860
8326
9823
1381
351
3646
5054
1269
6062
2924
5932
4482
8669
6465
2290
9758
389
7381
5100
1909
3922
1996
9531
176
7313
8053
136
1196
4591
6807
8447
546
3705
8111
2399
5842
7488
3888
3341
5896
7414
1266
3561
3413
6107
9070
7959
5806
6636
4134
5518
8505
2075
2207
4572
9448
1565
3971
8376
878
7444
817
1742
3058
8854
6303
957
7622
3864
133
9683
2152
947
6857
9816
2586
5070
6639
8254
8727
5809
7774
9527
644
9831
4056
5500
2370
5708
6709
1959
8173
2596
4241
6262
6945
9265
1734
7997
6910
1189
5249
4782
4916
9806
5481
4024
9245
339
2583
455
8703
5105
376
2533
1022
9849
6559
349
9300
8590
7704
5564
7380
984
3063
8903
2069
4653
2984
292
6015
3619
3573
4044
8151
1106
4135
196
2844
9751
5199
2127
3691
2505
9718
5596
8490
3958
8605
1943
2049
3772
5914
5309
7191
4951
7370
5416
1342
4025
1755
1029
9852
8308
1652
1628
8822
7267
4340
2120
6889
5842
9118
8283
3300
9965
2669
5893
7053
367
9250
6323
5244
1049
9308
661
2849
3008
1598
4229
8472
2293
9086
7718
1126
6796
4426
3232
143
657
5682
5579
9125
2346
4202
4003
6723
995
3785
8528
8167
1858
8269
6620
512
9111
5693
691
6871
8829
554
1883
1033
9597
7502
8175
2528
5416
5653
7223
570
4755
3755
216
8288
761
2838
8861
7546
620
848
3938
9429
543
8448
558
3064
5378
2219
1520
5189
774
6733
2088
4987
513
5999
3362
9602
7598
3786
3110
2118
4015
6469
386
1081
3910
5751
4908
8598
808
1290
756
6572
660
1359
8024
5119
6988
9114
9195
8033
6740
5263
5310
197
6769
5568
5063
1702
1964
7479
6222
6592
3207
440
1612
3832
8516
4843
8638
9067
3962
8529
5543
3220
3023
3517
4403
3107
7075
3965
505
3003
7668
8002
3062
346
5233
8348
7167
2261
9881
75
1090
6819
347
852
2524
1941
151
4854
5139
8123
7281
7298
8561
1503
9683
9825
473
4161
1909
2683
7885
3168
9322
4470
2728
4146
8911
6521
1514
2818
6920
198
8301
114
5572
9533
4550
7534
729
7726
35
2182
9780
1063
9664
3665
5125
8196
7273
9320
2263
6403
8206
3539
1657
7032
2760
9853
5884
8087
5190
8816
1335
4847
626
8906
1458
9740
3852
1371
532
6282
8740
1923
2345
581
7774
2665
5243
5787
5063
2795
1314
5063
4297
7461
8894
4291
9506
802
9373
9919
1573
8869
2927
8596
2340
4954
2511
9159
9939
814
4940
2277
9152
2929
3687
5624
7522
6725
8237
2374
2977
2560
5401
6140
5756
8941
417
5490
7349
6692
2511
2598
4725
9032
3810
7173
6449
5060
5028
1764
7599
6648
3526
3761
5218
6084
7156
7855
3505
8541
7889
7200
8134
1302
9457
6242
9527
7039
4556
4997
1051
3720
8274
7641
4286
3273
4963
8798
3515
65
1806
6828
8751
7829
631
8673
2560
1608
9157
385
8769
5506
8771
8663
1128
8704
688
9228
5173
6498
5328
8091
8979
191
9011
8939
465
5145
5477
3913
6752
7006
3711
2462
2217
2143
6934
8051
7407
6076
3811
6038
1682
8331
9511
5316
7761
4098
4484
2865
9628
4453
3439
4662
7140
1261
835
5523
3876
4571
4637
7296
5464
5345
2841
9546
8810
1262
4932
861
8393
4434
301
3378
4889
5564
9862
2941
5765
5045
8852
1729
9372
9358
6732
5011
1175
2387
1158
1781
3286
1801
2093
8563
5053
8519
8239
5589
1102
2795
8680
5203
9791
2566
6752
9577
1859
4363
8269
6170
6692
5991
1092
5402
2875
3545
7026
8167
5631
1919
6468
8987
9304
4836
5471
8274
7239
6323
5076
3583
5280
7802
5259
8980
8684
3776
814
5061
7384
6866
8937
4309
9854
7466
6245
7513
484
1234
9955
5829
1172
8870
3241
3208
581
3219
4705
5976
363
8300
5583
2155
6302
4528
1594
6654
7600
1496
9241
693
6753
6340
6933
5750
5449
9965
2067
3324
1311
8313
2256
7460
8019
6874
2649
1297
7819
5309
3815
316
2086
3353
3461
7971
7595
9468
9479
2521
5988
4556
9845
7025
1316
23
2801
97
9744
2384
7170
6792
8661
1582
9628
1001
6232
4125
2695
802
8429
6223
3211
8922
8905
1451
8670
2966
7296
5715
1903
9783
7147
31
7848
1173
2740
3888
9818
2410
8646
8973
1078
8895
2463
1156
1233
9344
5456
4096
6311
2574
3299
6033
3189
8205
5627
8317
293
4128
2255
6788
7327
3971
6948
9745
1080
9313
7953
5171
744
1353
5204
2693
4208
548
8079
1236
2328
1348
9365
2242
7962
7287
5309
1867
686
4019
892
8966
5483
1039
6727
6368
7394
6784
7220
812
3389
2466
6020
6054
6953
1110
3634
3872
5162
1408
8588
8361
4627
2641
5238
2125
5415
5742
9945
5948
9381
7617
2334
1794
4013
9499
3926
1352
3957
749
928
2293
926
3304
7090
207
5165
2319
8055
935
1470
7847
8049
3419
750
9382
9034
1320
824
3078
9813
770
6008
4917
3484
424
6766
6153
1479
6219
7123
2133
8491
9125
4484
1934
6492
2925
1959
288
3437
2911
9814
841
2856
6044
7999
7992
6965
788
6959
8927
8317
9141
2759
1
9246
8553
7674
4878
5140
7759
9341
8996
1568
5384
3920
1326
1994
3052
6981
3610
8029
781
5076
2554
250
313
3257
7856
1484
785
1963
6076
7733
2437
4512
3774
4178
9029
1740
6336
7473
2981
524
4548
7998
9459
501
3096
528
9583
1750
2715
5541
9520
8090
5471
1973
4701
2909
1641
4569
4838
6536
2633
3492
484
1079
2831
2591
8096
2206
3589
5096
6318
8144
6444
4193
8532
2419
1846
7272
2200
7185
3997
9102
7900
3016
4044
2923
1763
6834
7717
8152
3501
1281
4068
711
2896
7527
8891
9297
5228
2427
109
3838
2440
496
5682
9775
1452
7423
656
3927
5420
6711
8992
3603
9780
6926
1059
5744
5010
6617
3223
1259
1576
8359
5225
4481
3109
4102
9221
2444
5687
9347
7873
3821
4851
8196
8507
743
1211
2950
1099
7188
4508
1326
6967
9816
3739
1179
7294
7176
7682
4325
4346
8136
4315
4384
56
1321
8485
5328
3887
9695
8665
3827
9204
10
6857
6964
4386
3799
7673
3087
5206
8853
399
5945
3939
3944
4683
6090
4025
631
7915
4410
6164
2764
33
1434
9172
1161
660
4086
4505
2723
9525
435
2238
7588
4778
2670
1301
3813
191
5756
1946
1230
4527
7683
1277
6224
860
9829
7760
5634
7682
8623
9976
1145
7696
5215
4814
8327
3336
4085
4407
8015
9498
2701
9570
3288
2761
1199
9572
3237
496
1836
4871
6932
986
1907
1317
8476
690
4647
2916
1620
572
7009
4245
8896
9527
7577
4232
3839
5704
8110
6011
5989
2988
5971
1076
7537
5218
9489
2979
6034
3012
8049
1830
6898
3514
513
905
9914
2260
8694
9460
760
104
4359
1152
8752
3987
8076
982
1621
4391
1406
6069
7779
9119
2209
9643
3623
576
313
7068
7853
8959
5296
1238
8500
1949
3354
6844
2418
2133
9770
8206
5925
3061
586
4309
175
4373
2038
7072
8960
8890
6549
5169
4382
9504
4549
2151
6315
1086
5796
1503
8575
4382
177
1784
9719
2149
6225
59
7864
5471
4384
2155
1495
3949
1947
8849
7476
423
6877
3324
5477
2266
983
6705
6182
3786
7315
4733
4558
1189
6032
8815
8950
2244
9320
7619
5549
6753
1199
8438
9244
1919
6585
2546
5787
3099
9718
1597
6019
443
5699
6759
3128
3980
5260
2825
8882
1412
3351
5153
7638
3031
751
7992
6067
2754
7658
6688
496
1555
5397
9743
9237
2034
9938
365
6033
1288
9426
3629
9899
1841
540
9735
2258
7202
7988
9859
5488
6561
4959
8667
2483
3272
8262
8779
9687
4239
7083
3754
4359
2736
233
2627
2853
5944
8201
8545
7716
6135
3225
444
7981
5410
3682
7469
2204
5788
9590
2579
2547
3909
7231
8568
3069
5382
9865
8952
6324
4706
1795
4126
9797
4004
7725
7232
6171
9304
2383
3931
8318
6892
3111
4823
48
6161
5633
1344
2285
8994
6024
8245
3518
795
9609
5884
2031
6758
6958
5532
3116
7172
8032
9908
1823
9210
8368
3575
3742
419
5418
6715
5437
1291
1300
8389
6997
6235
922
3044
1936
9662
6703
5947
6388
5912
9052
3770
1435
4859
5764
6537
9444
9214
2946
5877
5046
2713
5270
3862
6408
3291
2143
9332
7441
6182
7144
3391
7894
4949
9466
2309
9858
9560
5904
4941
1665
8690
3290
6448
3028
7865
2589
9109
5878
7087
2198
7896
5781
4931
656
2859
6713
2113
7976
2033
5752
1307
5811
5648
7570
3876
4958
3087
1522
8495
9455
9082
7071
6308
4
6356
7918
4358
1311
7108
3349
8651
7756
7701
1920
8088
7544
5437
5011
4932
3974
9023
9962
8240
1048
8791
5670
5811
7184
6822
6495
9492
8141
2393
3376
4921
8832
4773
1433
4582
8950
1557
7463
7638
4698
3172
4723
3901
7315
9724
2588
7687
6274
2034
9181
7554
5404
6135
9476
9848
7324
7370
7624
2063
3170
5640
6173
4974
3324
2532
3599
3668
9153
9473
595
3204
9034
8812
1305
5510
6777
3398
379
1712
4071
8298
243
8218
4524
4151
9273
3883
9335
9831
7893
7236
8342
5906
5249
9667
3570
8011
6432
8600
8080
7980
5915
3262
3424
9238
2582
6223
3281
8558
3620
8400
8454
9981
282
4142
8913
8947
2086
9698
9727
4231
5620
1733
747
403
6663
3185
5536
8154
7655
9876
3889
1150
3765
1734
7460
6134
7303
6827
696
6462
7193
5154
72
2610
9392
5891
5158
7596
4441
7613
3413
5282
6235
3638
5238
3582
7820
3164
9997
314
9074
5260
6457
1829
1853
5270
155
1736
5063
8353
6380
9004
9656
1748
9814
9583
7366
9847
3836
2762
8092
6185
3924
523
8089
9944
9289
6316
6614
2623
1407
3886
284
3912
8255
1069
8097
9569
5916
7940
6492
9365
1465
556
6587
9059
5862
5366
45
3606
5514
2958
5854
4707
6967
6692
3763
2054
7309
4566
8969
1034
8536
5692
7059
9656
3305
6881
8341
2716
4879
3013
8888
9506
6740
345
2616
3868
1904
469
6980
8837
7736
8554
5810
3987
9416
6634
6203
8291
6427
8255
5831
1329
9643
2226
6120
1889
822
9213
9979
5977
5653
6094
1475
6483
2635
3845
3855
9301
9271
2948
5468
1448
1777
6644
213
5611
7924
5529
1709
594
9579
5307
3474
7914
1568
8885
4607
1328
3399
232
8284
5113
7039
1745
431
9601
9415
9306
3604
3475
5613
9524
2686
2451
9803
1682
2765
569
1014
6571
3457
7953
5736
4526
9420
4723
3379
9291
3777
2586
7722
4856
801
9960
4004
916
2445
8599
1463
3288
8481
4081
1336
8336
2031
8578
2073
3882
8439
9603
5680
8411
8327
5901
2550
4716
8730
5864
7147
1603
1699
1306
3073
7943
3374
207
789
9808
5899
5808
2868
2136
754
1962
5513
2975
4018
7916
4562
3387
2461
5355
9632
2842
2899
2231
4276
9410
7791
5223
4664
1685
4803
1372
4807
2829
2068
1888
2566
8673
1658
8207
8170
5192
1689
626
6315
299
8162
8537
6332
1133
9975
5964
9127
2101
4436
1727
6701
9203
9833
3546
1004
22
2724
9107
4245
7600
4577
9783
7475
6072
9031
7119
6851
4724
2961
1807
932
5721
5103
8898
8979
1948
9175
3975
2447
1003
7476
4959
3549
5883
6854
6364
2929
7363
9853
8631
5989
9457
2629
519
1818
7666
6232
2124
5952
848
1233
3145
2159
7167
2656
4759
9857
4641
7280
7780
4356
3011
8372
3937
6946
3372
841
1539
2280
4403
181
6382
7050
8705
2296
4059
4259
8021
7894
1822
7785
2370
34
1126
6920
7590
5922
9760
616
9711
4589
5138
14
7913
8190
3982
3659
4781
9243
9033
8246
189
1008
4615
5554
5722
7173
8018
8081
2631
7077
5285
3620
9093
7721
9378
6857
474
7794
6023
2256
7296
1076
2171
8225
8815
7853
1381
2970
5204
5406
1365
3523
1043
4548
9469
8320
1865
5930
1165
6463
5407
2445
6827
2180
1121
1966
4382
5173
3886
1083
9498
4899
3024
5971
9337
4419
9668
9203
6182
887
3061
3281
9254
8576
8496
9184
2621
5269
1988
6554
5741
3674
7159
7230
6371
3315
5321
1412
4383
6902
8594
5645
5337
2234
5970
6062
3947
8368
3484
2913
1842
2179
6610
2480
9590
7342
8523
5685
5341
9759
1188
2518
7865
9572
8482
9311
4993
1883
4169
5708
6798
1909
5034
5249
2613
9591
2651
7266
5864
1928
8633
1242
2182
1994
9582
7598
2916
2098
7637
7381
2622
3316
2092
1031
7258
5104
7154
8490
3906
1127
6358
6535
1261
7010
7289
8878
3097
7460
2838
2774
1382
2298
2296
4398
885
176
4148
1419
2672
8718
6266
6082
769
1962
8225
9977
1333
4959
8564
5961
4306
8707
9800
5652
7365
9730
1586
3133
6430
6803
7090
9569
4614
998
7992
5769
3675
576
9192
3468
3706
8915
8395
3626
3216
4785
4978
457
7221
3071
9875
969
2820
61
5009
9308
4002
5210
7510
4761
1509
577
5016
7766
6775
6196
2402
4586
5506
1693
802
2149
2000
3959
2017
2116
1658
3813
4217
3437
7872
6353
3675
5354
2123
5223
98
2427
7719
9949
3721
2912
6431
6263
9596
1001
3244
3996
3532
3922
9058
4747
7003
364
5812
4308
7234
4381
5409
748
4328
4130
7763
6192
1856
7431
1770
8649
1548
6423
2672
9179
3944
5043
45
10
3578
9929
8550
1998
6607
1516
2841
3085
3325
7963
8600
5019
4863
6370
4218
7441
1739
8335
8854
3256
4937
9170
3118
4937
6590
2452
2840
6763
7472
3637
1269
5014
4889
5965
3428
2899
5601
8386
7382
9030
463
4129
6032
2758
2695
853
2251
1847
1128
2203
6442
9006
1331
6219
3087
7289
7044
6452
9354
9025
2661
884
5412
5042
5496
2972
886
7120
7617
8099
1796
964
9543
7988
2913
8600
4713
4424
9056
990
7095
2583
662
795
8829
153
148
8610
3406
103
3319
5117
7611
7706
410
7584
4954
9759
6800
7638
9953
4634
9819
8663
2692
5611
947
3496
4425
4423
6008
8592
3450
4322
4647
3389
6010
8975
8866
9956
679
6318
8083
537
885
2882
6857
8917
8202
2680
7049
4927
2459
3344
8376
2670
9086
7687
7212
3853
3322
9186
3277
1577
728
5986
6176
8678
9120
893
3420
5660
3077
9283
8355
1495
4810
7339
6839
9866
5886
8768
9199
5177
933
8342
4538
555
4124
69
7004
1143
8346
8494
4418
7244
6708
2252
6768
728
5636
4509
5376
9606
4011
4711
9561
5667
1263
5860
1968
251
298
4928
3174
8914
1482
2705
7169
452
555
1467
6307
9181
8219
2442
7962
2226
1925
8243
9169
6585
7903
8458
9059
3582
3863
6815
8950
7325
6513
2307
7000
506
314
2782
9697
9079
8660
3244
5877
1764
9512
2426
9708
8961
1514
9744
1238
9981
3587
6214
3061
4851
6397
5579
2542
4340
2750
9788
9875
7781
6099
9032
6154
889
6267
8775
8517
6564
6156
4553
5745
2871
233
875
102
7631
3591
1193
6883
9279
4768
3899
8096
4347
5519
1953
1651
6253
3532
7390
1065
3145
6108
6550
9053
9247
4103
3173
8228
602
5865
851
7203
8437
5111
8969
4927
1790
8225
8760
8044
3076
5237
893
7594
6216
7936
455
644
9439
5481
277
7508
1216
7152
8496
8580
3925
4878
6486
176
2299
4396
9581
1675
9123
9103
9225
8775
2765
1910
3663
8439
6246
9451
2368
351
8278
1441
1626
9435
8889
76
3585
2189
5400
3942
361
9427
615
4603
8300
3682
566
1701
6007
8855
9823
5540
9226
3626
3767
3647
3297
1393
2601
6738
8393
3417
9299
6534
3087
1815
135
980
6572
4360
7759
7575
777
5037
2493
8357
2166
4554
4725
2044
667
8947
5984
2786
1299
1938
4992
7406
5786
5604
3231
535
4100
514
3645
9741
7641
1302
9445
9662
8501
8662
9379
8804
3629
6611
4280
440
8595
9234
1674
2764
8900
9789
6001
4341
5365
1947
7875
4678
5824
6932
7071
3041
9782
6047
1243
116
2362
7972
7033
9241
6288
9387
7127
9705
4096
4813
4709
3098
4091
4393
1880
4807
1055
9731
1990
8422
2156
442
5414
2943
7072
8790
6319
7049
749
5827
4391
9036
4719
6450
481
4252
3770
8074
469
3101
9246
7862
8889
8843
2906
3527
2384
1631
9407
3506
4191
4227
4216
2849
7044
8827
3394
3170
9763
1847
7119
937
5868
2365
5654
3527
2264
9724
1970
8382
1149
9004
4216
3699
2303
1924
8870
5480
8336
9587
7596
1728
9132
9057
9130
7846
3102
7958
4781
8099
3905
1962
2285
3218
63
1047
1855
5844
5022
6172
3130
4293
9402
4493
8354
2844
6875
6356
6966
8591
7230
5591
9242
6311
2015
4260
5439
362
1403
3057
2896
53
5818
8612
9168
6822
3540
2186
385
7495
4759
371
1127
7769
2235
4156
6934
7486
3261
9547
9324
9514
594
1965
2307
7644
9043
7437
7252
6668
4481
5478
4550
647
1337
9978
2690
8167
6465
700
6023
9565
1510
3432
8126
5403
6885
133
2832
5876
7084
7392
2028
3045
8383
5041
5081
4175
7198
3475
5856
289
3836
369
4305
9358
5790
3885
3562
6565
1803
7964
7432
4192
4394
4634
8385
9929
2015
4392
7022
8350
8450
3604
4186
6350
4042
6604
5475
9432
5630
6728
5717
6485
7507
989
6575
7278
8470
394
7217
4028
3815
212
9581
9496
6583
3362
6435
5338
861
2469
9314
7562
8640
8338
3201
5552
5826
196
6248
6831
8521
2526
4235
5
8460
4181
387
3398
3679
8168
2673
2806
1863
6889
7142
6565
8193
7098
7821
6836
1822
7283
8704
6042
871
9980
441
5644
8490
256
8438
9785
2782
3366
3447
5721
7387
7452
5010
6503
5522
9362
6864
1822
6462
4733
7368
3290
7717
3179
9585
3052
3446
6870
1811
1204
7739
4865
7148
6007
3673
8266
5826
8800
2142
9320
83
6852
3875
7212
3342
7447
3860
5083
1021
7591
5837
2592
2886
3217
7855
659
9302
4455
4712
8365
4449
8746
1065
3978
5328
2478
2826
4188
65
6528
7928
9011
8654
6358
7663
5092
1066
5677
7260
8276
9016
795
5215
9821
8569
5835
4778
9450
8970
1858
8329
8649
4520
4585
6274
9433
2426
6401
5587
5702
4673
1472
8383
6486
3971
1320
8268
7875
3277
9660
9264
9329
205
8154
2310
1088
4783
807
8264
933
6643
1922
5015
6633
5600
7637
2985
110
8529
5619
7178
6257
9400
2878
1754
8639
5619
4799
2550
9805
9025
477
863
5889
7460
4821
2597
5853
2580
119
9585
3125
482
4122
7565
5156
1057
835
8479
5209
7344
4603
165
8759
9440
758
5450
2558
1859
982
4959
2838
390
5797
316
6461
782
8565
1276
9637
4171
3377
5948
8962
9476
6867
9131
784
2096
4362
5225
7729
7562
3295
7701
6710
1201
8463
5445
9408
6562
4273
4636
7406
267
541
5934
3618
9636
4183
9927
7810
4264
724
537
3167
2541
3994
2361
1568
8490
6833
8329
3718
4752
5078
1900
1277
1048
9022
3131
3616
7734
4903
4122
7585
3593
1166
3265
5597
3811
6743
6314
1462
2088
3525
4493
7925
194
3665
1693
1616
4323
8983
8912
3901
112
1306
763
2279
9523
6482
248
5370
8281
5550
1684
4334
7282
3404
7908
5351
8965
1838
5659
3060
1034
6981
2335
8497
4102
6561
6486
9605
2109
7460
4174
9702
8679
362
4261
9710
1485
7482
980
9206
4548
8501
1721
2351
9305
2246
7898
2296
7189
4080
6144
9072
3601
6193
6101
8156
2438
3224
1916
287
4066
1913
4471
3800
3596
3263
3560
9967
7717
5665
3493
4028
6313
9496
8791
2840
6463
4597
1150
2607
5477
8577
8017
9928
4730
2003
7225
395
1754
5034
434
2386
3927
2771
3834
1062
9269
4091
2953
7519
8900
5550
4028
6001
4551
2418
10000
2839
8858
8490
7088
6799
2744
3101
5876
9122
3981
3226
7143
9097
7101
1082
8815
7331
1604
644
9662
191
6552
9920
1386
989
1071
2968
8299
121
4967
86
9650
3991
7662
8206
1439
2333
7994
509
3468
8856
711
1394
246
5673
820
841
8220
9765
9460
4558
6933
7112
2503
6931
5622
4664
3456
2301
27
3875
381
7539
5486
9243
8514
563
7896
7049
7026
8607
7343
7754
2102
2697
3101
1226
7436
580
7406
8904
4654
5055
6201
6920
9436
9265
9478
7954
6681
8918
2977
5269
1333
7900
5328
3006
7132
2504
2435
840
298
7318
5975
6509
5568
3493
1715
6770
4760
9879
2473
3036
968
3660
134
7285
9899
5143
9577
2148
1218
4882
1783
7251
3088
9382
7177
4946
1329
3373
4210
3557
6094
4101
5878
7756
8623
2238
5058
9238
8156
4345
9474
5656
6686
5363
1178
6382
180
8164
4746
1100
1613
5844
596
1903
6541
7589
9990
7507
9086
3896
6947
8214
1304
7734
3175
8173
3908
9016
5559
2623
727
5983
9228
9342
3029
1775
8257
9538
6997
2063
3789
5669
5537
4140
6707
5633
7687
4063
4404
14
4870
9848
7990
1198
4297
4955
2958
7282
8453
8519
6935
293
973
9760
3151
3437
2193
9457
7061
7470
6215
9066
8556
5328
4009
5524
5000
5212
4229
2593
4135
6525
8793
8094
7859
4559
1077
4403
1162
2778
3765
1449
7625
7834
2354
8116
9629
4075
5627
7845
5046
9995
7233
41
7554
9235
2153
6425
8992
9422
7799
2834
3000
4058
8613
9499
4209
4215
0
5269
1762
3638
3402
5030
5369
6272
8947
1382
7069
4473
845
6666
7571
9669
1247
2864
2122
6596
24
8361
6201
169
9499
8161
4780
1845
7514
7433
1700
5632
8707
5987
8662
7608
4612
4392
4953
2307
4089
6145
5652
9741
8783
3240
4432
3645
8709
1777
3715
3277
449
437
3636
8143
3507
4656
9783
5557
1806
8826
1956
4639
2056
8435
2108
5377
8812
9263
2490
3242
9723
3037
7626
9004
8292
9267
8623
7614
4978
3309
3465
9868
9387
8999
8411
1462
1849
3749
5319
398
7614
9751
8351
3256
6311
4323
1664
4544
1539
8567
7466
7042
4121
3562
888
3907
1193
5844
2244
1983
4384
2406
701
8125
9772
6725
9840
4250
1542
5204
7500
1341
1810
1100
8441
2831
2441
7386
9396
3780
8793
9268
254
4649
313
4978
7604
4444
166
7477
3268
1808
7588
8641
9427
4586
4646
4286
979
7136
9667
1590
9086
7902
8716
1245
5827
8941
6765
6389
5294
7869
6659
6060
8465
2831
7497
4491
9634
4680
2562
9703
8682
3270
5471
3134
5615
7939
9457
7918
1643
6598
1905
2821
7300
4690
3180
7701
3188
364
9347
6388
9399
8340
7036
6665
2002
5247
3144
6919
6826
5805
6282
3264
6015
89
2823
5063
9529
8162
3347
7672
8720
6227
3306
1391
5828
29
4043
6571
7694
912
2167
1604
749
9580
6655
2592
2645
4834
5663
7339
8613
7720
6686
8959
2339
5995
7454
6421
4248
516
5301
4839
9026
76
4968
5222
6769
7119
9379
8047
2191
6104
3982
5742
9513
2699
2188
4136
170
4426
4500
7209
9538
9310
8010
4121
859
1433
3717
2845
4612
3452
3896
1909
8392
2543
8353
1206
9735
4043
5347
7241
3383
6516
7103
9331
9475
1641
8655
1906
5952
50
7567
4103
9454
1573
8256
94
5766
8209
3335
835
8346
295
7286
2282
8684
6789
2268
9902
5782
8778
3884
4312
4404
4625
7344
1273
5852
5671
5287
5052
7997
7
6110
7373
3055
7276
3699
9167
5758
9731
6603
729
1627
8082
39
6547
3489
3236
8566
5227
8214
3048
5867
2658
8993
8309
8340
3881
6717
2242
7636
1410
8848
7718
1217
5254
9470
2387
8245
1119
1794
1635
8439
9619
3609
460
3738
6345
2831
6607
4826
5306
9289
2253
964
1217
7911
5682
6869
5655
4342
2722
2829
32
7087
4948
5614
3305
8240
9432
230
3860
796
9891
6981
5405
4577
698
3347
7255
6256
3808
6043
2638
9772
3170
8641
8658
9904
1997
6864
6468
4474
4958
5670
4266
1700
9885
7086
3208
7230
8306
8403
427
6008
3586
2717
3241
1415
7958
7050
58
8754
6346
3009
5699
1655
4191
163
6277
6562
6004
8744
8042
2288
2529
2194
6425
5734
6672
5047
9662
9370
9017
8574
859
7917
3627
152
3909
1605
9071
3231
1299
9096
8981
8625
3112
6174
3637
1764
7605
2514
2394
2039
1442
8435
5934
8403
8415
7120
4105
3045
3037
5646
802
6504
2894
8317
7695
1092
7029
8840
4669
9849
1947
5594
2620
1183
7872
672
9239
172
9743
604
1852
9021
3093
687
1842
6728
7173
7716
8242
2246
5804
7999
8565
7651
9976
8154
2477
3701
5120
1486
4333
653
4565
1050
1873
5312
3357
1548
5969
5484
4352
8084
4731
7020
8102
7834
8591
5232
6363
4126
7397
6552
4724
9843
4615
4510
5354
7733
8929
6703
7892
8358
9046
3016
7204
1601
5185
6636
1550
3117
4765
2380
1466
9938
4495
9304
7219
254
7585
3462
6909
2913
2147
9481
2206
9440
6936
8668
7020
2577
2358
2592
920
8408
1088
7996
4731
1510
9629
8418
9521
3323
8522
834
5392
10000
2920
612
1382
875
9874
3482
7593
6018
5553
810
1564
9021
4622
6912
4705
4087
145
9227
3174
6647
2817
4169
7173
7542
3179
5451
1642
3227
7105
5965
7459
3514
5851
4489
9908
6832
4017
2667
7443
9197
4859
2547
8699
3244
4162
5592
9300
4784
3206
5032
1373
2916
9646
7234
593
1153
3516
6683
7910
6865
6898
2267
8205
4246
8562
3910
1654
1503
3735
5492
1720
5771
2636
4644
2569
5553
3471
5506
3538
4820
3724
5828
6447
6587
1408
6607
6358
8404
5372
2369
8791
9194
8577
6699
143
9512
8426
6146
4439
5400
6850
8950
2921
6432
2629
9263
7497
3074
4025
8557
8637
7674
5837
2030
6816
9011
3823
1028
9700
7668
9025
8362
6457
9805
505
756
7026
7893
9356
928
669
7123
6163
1564
4297
1604
3679
968
6407
4541
7520
3572
8383
4681
6902
5020
1611
2685
8631
6856
8529
9109
6263
45
3634
3938
1430
8950
3679
5664
7866
6083
7982
9945
1632
2813
5167
3113
2955
1152
4824
1634
911
3110
7300
4709
6041
3110
2886
2780
5193
6436
7531
5759
7191
9090
3143
8976
956
883
6652
9418
1197
6468
1497
9539
6641
4753
3056
1147
9714
5439
3656
6298
7
3739
7349
4538
6784
2068
6676
772
3718
1320
7895
4999
8337
4449
744
3909
9323
3253
2207
2811
297
6063
5687
7328
9086
8673
6542
6699
8075
7189
9482
5005
4980
8082
5186
3312
226
2785
6296
5038
4556
8018
2041
7329
5617
5899
3000
7829
6324
9479
3753
8421
5653
7681
7853
670
9801
5032
3856
3920
9245
7225
8742
4677
9011
8776
6072
2298
138
9478
2322
2490
5876
445
9961
926
762
5338
3027
6478
3567
1702
7192
777
2874
1511
9855
8376
2273
4107
1112
4705
6285
9943
1089
6353
5351
1450
1297
5192
1814
9358
6181
9027
4968
7377
4855
264
2109
1706
6676
9205
6155
9335
6215
404
8682
8843
655
1184
7823
8549
5999
5356
9116
1038
4197
780
9673
5296
102
5096
2873
2537
5533
3769
1456
6584
1481
7280
1499
1520
4436
6429
6625
1060
6883
7455
3414
1377
9278
6211
8549
4493
601
1946
194
8386
956
409
6498
1588
3230
1754
1338
3694
20
6139
4141
5044
8108
917
6920
1637
9455
1521
6953
1220
9992
7427
1484
3854
5052
7434
8984
2724
2340
5898
9070
7766
4900
4670
6625
6556
1786
74
3208
739
2624
5931
5132
6941
5775
1377
6931
5790
9915
7818
6337
2607
5961
3749
1883
3851
9634
7196
109
5641
8942
3648
3284
3900
6942
4881
494
5439
946
6734
8386
8180
4051
5933
5464
7713
9022
7350
7316
1966
9965
1404
5967
3136
9668
4102
9084
7627
4960
9942
9923
4570
6913
4088
8155
7716
1407
7848
4995
8458
352
5636
3162
6712
1936
5391
3687
3745
9297
109
3037
329
1493
6297
6039
9715
9173
7914
1253
691
9730
9407
7165
5042
9448
6066
8305
6458
6629
1537
9741
689
7199
3899
8312
9656