758
1464
397
1201
1374
210
24
706
1054
435
27
327
104
654
495
1338
1319
480
53
1395
1176
134
647
242
814
318
211
1408
687
165
1239
1151
575
558
821
828
765
548
724
105
797
272
1254
1348
1213
1416
183
1282
1336
1378
1103
266
1183
860
203
342
313
872
1441
698
129
75
1362
183
576
2
1448
536
581
807
624
536
756
629
241
428
954
1374
1142
976
1088
1031
1417
1369
763
1220
979
244
840
175
530
1442
812
784
399
62
721
113
621
1268
1318
776
709
899
1406
1177
462
1185
1370
741
515
1328
312
1271
248
854
355
1334
763
133
1106
1484
1497
1460
1469
769
494
718
752
724
1150
957
675
1365
508
460
418
469
163
349
721
1126
896
1312
630
1059
1314
387
1441
42
889
796
1144
1226
1018
1069
778
168
29
1062
28
704
719
398
101
138
348
866
805
1124
374
1322
296
1474
1356
973
1420
1397
945
902
804
147
532
355
987
303
811
1133
490
596
1125
786
1305
120
1060
1167
140
1041
687
909
369
73
37
850
611
682
95
71
761
1204
1477
1184
620
883
828
679
1102
289
1496
1078
175
943
870
203
176
40
68
1224
1050
570
1114
1403
1168
615
899
888
87
25
1080
84
615
663
1142
1113
303
1487
391
1115
1306
403
1282
1338
1361
218
1319
1328
387
58
71
957
220
186
1471
510
298
308
698
1294
1333
190
994
1198
828
149
846
737
971
1002
821
1094
737
119
294
920
114
129
1459
1274
972
1166
380
965
257
757
988
194
587
513
829
499
508
1033
1191
621
753
512
251
887
67
1129
1255
872
1228
513
177
1289
1397
552
270
285
1224
246
1479
943
746
1419
816
1407
1251
1206
698
394
214
320
119
1002
1224
382
396
58
921
1145
702
228
1356
1170
779
603
491
690
303
471
975
361
896
1142
624
1056
286
598
1300
878
449
637
207
23
1477
493
840
1068
508
174
352
471
1434
697
1173
708
896
532
19
1490
1241
1172
1500
654
1052
157
857
980
1024
1378
476
1005
1143
277
592
724
59
652
1350
1009
866
466
840
650
1404
31
286
633
487
165
1209
712
878
147
269
707
1051
63
769
475
388
544
658
321
1306
986
1131
990
1060
634
544
178
12
1314
390
78
360
593
1217
587
1438
1152
910
249
1475
497
278
1023
296
266
1070
128
1443
199
1120
480
1125
872
1018
1053
784
1193
878
753
1238
1396
466
1433
1372
756
162
1218
352
1494
750
262
52
633
787
1242
1325
1488
698
285
583
1461
1153
976
52
560
497
792
975
64
1485
1216
1190
622
241
178
592
889
224
268
750
249
161
572
1215
646
1294
474
398
238
1144
913
687
1330
1156
678
1091
1212
386
1049
576
1169
351
1253
1159
878
729
605
671
476
743
890
1372
315
697
1312
671
620
264
154
1438
1030
923
973
1496
360
810
1343
299
114
1452
492
578
418
1421
244
912
385
481
567
951
31
1497
419
563
850
233
216
608
607
15
47
609
643
181
1195
1102
1423
1328
895
1355
75
623
36
988
556
1253
864
1161
1148
86
117
96
1327
939
1408
568
1439
1170
1068
5
1119
1438
586
1171
906
1035
1266
1470
460
785
430
221
583
403
236
428
608
1251
14
859
691
1134
643
54
453
43
1186
1208
78
1084
565
287
1103
470
670
1275
1079
793
956
669
930
434
1257
988
1218
1335
37
195
1365
682
1149
230
95
377
1005
1129
213
617
130
976
384
544
708
758
1098
1469
74
140
756
28
1121
237
1469
76
699
145
1185
711
431
4
37
784
1124
1472
780
1226
890
92
338
156
1232
693
191
816
33
976
118
938
1498
319
155
387
128
442
17
1370
514
650
969
970
687
1140
1208
18
648
448
1182
353
1115
416
1086
199
1200
16
90
410
398
1201
77
1439
937
97
473
948
665
47
1282
1423
174
527
611
157
777
503
682
27
123
767
1413
1012
375
1219
1013
1308
1094
676
963
114
384
1103
623
305
422
1231
509
933
701
821
1322
595
96
272
940
282
927
302
1317
7
1295
465
585
63
1217
201
892
667
1215
1121
25
490
558
1271
1347