92
7630
2552
7299
5974
7502
678
531
6345
2467
1725
3833
6038
7040
6290
6721
3369
4579
742
3163
916
4264
1512
6419
2782
353
6039
6405
3015
6683
5616
5289
1957
6600
1150
2356
7951
3876
7236
189
6417
4792
7189
6010
5836
1058
7181
6992
736
4903
1044
5217
785
7443
7892
7151
3837
3049
5516
7755
5797
6565
1273
6709
2237
5472
3037
6492
6467
6617
7992
59
1950
7716
3333
5969
3068
2018
5707
4528
2175
2356
446
5359
4174
2977
4971
899
3511
5218
7550
2858
5902
629
4568
6891
5035
2889
6658
6995
3311
5112
1597
5677
7212
5215
7026
1994
5889
4744
7716
4643
4499
7447
5376
2037
3631
4387
2215
5017
3897
5399
2797
3686
6688
1421
5523
3441
3300
1247
3606
7509
100
1226
5403
307
3021
3436
4048
4868
2501
5114
7164
6189
7116
6239
1560
3944
7762
3254
4585
362
6
2126
3574
2228
389
201
2828
4582
5557
373
6751
6335
3249
1715
2015
7444
3063
7365
271
3099
2267
3935
6715
1531
7647
3268
3311
4822
2842
4702
48
3188
2906
1422
208
4885
4055
2988
410
6706
7988
1601
699
605
4268
5693
2047
5989
2622
1248
484
1198
1732
2039
4060
5314
7710
2422
6187
6373
2851
288
6866
6226
6762
2364
6306
4690
1136
7888
7056
3509
421
2087
7175
3109
1295
332
7726
3441
6224
983
7361
3239
363
2502
5603
6146
1458
3603
7362
3438
1294
4892
2003
3379
4183
1101
3268
5436
5709
3328
5929
5152
4461
5996
2428
4979
475
2638
2135
7221
2459
3206
4080
4420
5963
4084
132
1865
4769
2581
4391
4301
1649
1263
44
3618
7500
4019
7997
4308
7308
6606
7892
4754
6506
427
6882
1020
4541
7123
4601
2273
5490
6349
3122
2471
7526
3008
3056
6947
3187
5425
6720
4506
1369
5791
2513
1688
4829
5791
5581
1215
6384
7101
6496
5655
2152
7236
4036
4654
264
2634
6955
567
7199
688
2654
6790
276
4512
7910
2497
2261
3087
1298
2288
7563
1474
2435
6547
2545
2080
4418
138
1162
7774
6508
6259
4015
2073
7314
2024
5100
2569
6423
2374
2056
2312
3642
1925
6664
6975
1947
1635
4171
1332
690
1029
7144
6590
2278
4125
856
4697
5832
1394
7329
5601
4833
4898
2901
5325
1726
4425
7949
1442
2424
912
3863
349
2028
7504
6752
6535
5704
7211
5700
562
4059
4572
3969
782
7417
7553
2965
2071
865
1178
414
3258
6771
5297
161
7519
2709
2431
1868
1144
5466
7301
2207
5637
3148
7065
3122
2050
2420
4435
5519
2743
1398
7562
5931
4175
7467
1712
3378
1713
71
1029
1972
810
1627
4768
7903
366
3509
7342
5401
1291
6458
6125
7550
3613
1705
1568
2130
7569
5430
5558
6841
7481
7350
2639
5517
340
5152
4989
2544
4262
1730
2080
2706
81
3681
529
1872
5585
5012
5805
2852
1749
4637
1051
3283
921
731
4267
7413
389
6939
3733
4342
5924
576
7424
5869
58
6768
7382
2610
7744
4822
4713
6902
45
4515
776
2207
2269
4625
531
4672
2008
3148
1309
3922
6744
6371
2813
7307
5844
1220
5928
4487
3348
4428
6605
5007
5686
4939
1060
7315
2432
3903
7487
2572
5205
6404
7090
600
2834
582
430
7310
4737
4212
7211
7739
6569
7627
7940
1715
2947
1974
4007
837
2292
416
776
1081
4324
5234
3973
434
154
6259
5276
4890
2646
3885
848
6567
30
4805
7322
6903
931
5006
831
4811
6977
1951
2652
1144
281
4869
1632
4805
4413
7271
4181
5305
7091
5073
6979
7162
1216
7704
876
1804
3406
3081
3762
2165
6235
2207
5346
7698
5742
85
2912
5252
1323
5798
5477
7971
4737
714
3317
6627
3079
3233
5951
136
674
2460
3242
6027
3011
915
1328
1006
740
4734
378
2542
7586
4294
4921
7310
4646
2772
7211
2104
2963
242
7958
831
3224
92
3301
7491
1482
3509
3446
4628
4766
4555
2138
6480
747
1150
2497
3543
5684
5231
968
1680
4654
6943
183
3438
1316
6363
848
2408
6618
4346
5508
4785
6740
4596
4359
1956
1250
7672
3144
6827
1768
547
4966
4792
118
2747
5321
7526
5554
1339
5633
726
5699
5490
3930
969
7542
4021
7782
3197
7022
3581
953
5814
2193
2817
1865
7218
6018
950
7141
1065
610
7599
6373
6879
7600
5536
3104
4001
4720
7949
6299
23
6688
1250
3579
2489
7888
3264
2855
2166
5484
6469
5720
5875
7803
7145
1851
4938
3801
1012
3139
4026
3629
4394
7862
3883
2655
2240
5459
650
1305
2995
425
5477
3437
2098
3386
7198
905
7361
7177
506
6710
338
4948
5775
4998
576
7060
3424
557
5118
5096
735
4772
7193
2515
1987
1836
4068
7029
2937
4943
1171
4112
5875
2757
3455
2638
5747
6787
6583
4565
2678
2785
7989
2991
2099
5910
1629
1203
603
3560
4506
1352
2321
4375
1048
3793
4987
327
3303
6901
2549
6162
6807
3402
5018
7450
626
6651
2957
612
7901
1123
3821
7946
7999
1124
7209
361
3197
7024
2139
4196
1653
5658
1694
3774
238
1791
2040
2823
54
2526
6769
1618
3017
5974
1082
2567
268
7718
6733
4799
6464
841
3391
4736
6948
90
1790
6460
5799
4769
4032
83
5537
2696
242
3232
7631
5822
5232
5377
4031
3553
7207
2963
1307
1591
7050
6547
702
5351
5585
2853
3827
7332
4917
5712
1263
1893
6757
2654
6284
5962
2902
3624
6994
724
5953
6702
4249
2988
7034
5869
5692
5968
5162
265
5164
3619
6321
7838
5626
3259
6113
89
2973
2580
7722
2526
252
7425
3651
668
2140
5393
4266
6108
6348
7248
5047
3647
795
2786
853
5625
3474
7124
6090
7341
1366
1569
2208
1877
3660
3357
3846
6930
5269
884
1527
4304
7740
5805
3667
6402
3790
2841
6705
7505
7382
7051
1036
7964
6607
2975
3455
703
1606
570
490
7143
5050
743
3824
6370
1813
7468
6780
2382
4272
7506
6289
5200
2400
607
3207
4708
737
6547
3820
4062
3824
1231
4799
7689
6540
2227
4466
5838
752
3294
865
3808
4941
373
7588
5620
1240
4868
289
6373
2460
3006
368
2155
1690
5766
7017
4380
5913
3173
4791
4609
6435
3899
4837
6087
4120
7267
6798
2995
3765
5721
3354
4518
1897
2872
3417
3418
949
2999
3231
3490
5050
7837
6224
7658
1743
5607
1847
7247
7673
999
4487
7388
5847
1323
4778
5507
4536
1342
357
5150
5977
1669
6948
3238
2854
5799
3274
3773
7805
269
2914
2604
2001
836
1948
2197
4335
2592
256
14
1487
3361
7963
4084
768
5504
4079
365
3680
3642
4935
909
3914
5064
6127
548
6802
5006
6382
129
978
5017
6778
1637
328
5236
4524
2179
2840
6421
1883
210
6751
4319
3446
679
1188
1488
4459
144
804
546
1389
1067
481
3056
7582
605
2932
438
534
7744
2912
6834
7663
5191
4902
3817
5479
828
2733
4850
5855
1844
7036
7845
4510
3469
1685
309
7546
2034
3937
6595
1007
2538
2601
204
2849
4176
1093
125
1368
4775
278
4023
7064
2111
5023
7834
228
7027
7103
5100
7215
3687
5268
3433
6464
4395
1751
6185
4267
845
6692
3039
6168
3495
5348
2540
7277
3568
2887
7348
6960
760
5421
6951
4205
5126
963
4598
5824
5904
1704
7765
5697
2037
5544
2055
912
817
444
1329
6657
5023
2818
833
653
6089
4490
6189
6921
1113
5068
7970
4122
81
1289
3508
371
449
7596
4801
900
7852
6762
2551
6531
6333
1621
4238
3856
3600
5596
6560
1193
5233
6409
3231
3044
631
41
5893
2259
6585
340
1473
5518
2071
149
5959
3795
3691
1687
7279
761
6307
5582
5970
3844
3991
3599
720
6866
7615
3314
998
2815
6271
5090
6340
776
1654
1493
5814
2851
1876
6987
5132
6522
586
7976
7685
1033
223
4032
3747
2431
1927
6647
2184
1835
627
1708
4537
3837
5815
6044
5283
4683
531
7630
720
7208
6123
5048
7523
780
6132
1849
3169
3851
6484
4649
5017
447
6639
2281
3472
7330
7825
1525
1016
6323
2725
4337
6412
4360
7996
1449
7419
3379
100
6258
7761
3420
2305
5743
2237
6588
2151
4417
1751
4450
2080
5842
2007
1124
6866
4098
6430
6913
2418
1025
600
1530
6681
6395
5048
7353
1378
827
3377
6367
5596
2166
6312
2274
4809
6631
7256
3459
7958
1768
1777
7670
4714
6967
3768
7927
3170
4223
2144
4704
3098
2637
3488
2004
6835
2172
4493
101
569
2847
6836
2130
1168
5487
4588
4156
6233
5330
4157
890
6443
5607
7469
5184
2354
1277
2259
975
548
6678
5018
4030
4503
1495
5351
7807
3096
2789
2187
289
4919
3075
4149
3574
4746
5925
1119
2507
4030
3610
5419
1923
5395
3423
7255
2196
5271
3048
3627
1523
7738
2100
1067
3152
624
5387
6920
275
2040
4878
3546
1455
1487
336
2986
1597
1943
6630
2668
300
453
2637
311
2528
5573
710
3735
1145
4006
6930
7983
2747
3902
3685
6931
1085
5263
3475
1254
2110
4150
6108
215
691
3112
4342
4926
2188
1938
5466
1231
3543
1483
7223
228
7830
2993
6350
6133
5939
7933
4622
551
4180
7401
819
6772
1321
7320
6384
1758
7770
242
6956
7912
2234
7395
2403
3487
6430
6293
1037
10
212
3327
7732
7521
4525
5696
1278
6902
3932
5068
2185
167
1326
21
764
3713
4769
7922
1955
529
5661
2044
7562
5148
1842
7247
3947
7852
1294
3734
600
1186
4986
4908
1026
3016
5101
485
1580
4014
7984
4275
2721
1696
4649
3257
4327
7136
2293
4157
2902
6419
6188
3450
7571
2035
2784
389
3820
5530
3828
6352
207
4927
2140
403
550
6318
7499
6921
3107
905
7430
7934
424
5550
1518
1312
2560
1525
7782
5127
4101
732
1295
2951
4080
3016
374
2873
2408
985
647
3812
1292
1734
2261
7566
913
3246
4823
3521
769
4397
1166
6768
7477
594
3986
6169
7685
7711
3250
350
2032
114
1408
222
2552
7614
381
3579
5829
155
6805
198
7954
3962
5113
7558
6181
2358
7271
2217
5118
731
3954
4621
4604
1698
7815
3357
5566
1873
7512
3040
1150
7041
6595
7388
7845
3665
5700
3497
4142
2984
6213
4351
1652
3958
3562
2560
4372
2838
5860
759
6350
1586
1248
5911
1462
2641
4581
5062
7158
2427
5406
1375
1347
3041
4400
5458
2711
2052
188
4448
3907
6322
7223
7128
3928
1395
5673
4943
7917
5436
1075
2150
1573
6468
1024
5554
161
3423
6482
395
4756
7721
5271
6509
3887
7784
6363
2402
5144
2633
5250
606
7507
6836
7981
6654
1968
1176
3353
1424
5600
1328
7117
493
6776
353
921
4232
1144
3672
1028
4544
4434
5314
1043
6017
1155
3093
5237
2716
7961
7995
3302
986
7570
2053
4189
5704
3704
817
4161
5029
414
258
1056
1409
6315
6906
600
3464
2458
7489
4173
3569
4322
6859
1336
7298
5404
7357
2135
1804
6751
1332
7793
5968
5152
3646
4904
2876
3304
5905
5433
2319
1437
7329
7315
2840
6817
1974
4152
519
3358
583
3044
1573
6825
1052
5096
4507
3806
5639
128
386
3509
677
7073
4227
6021
6128
483
5874
3891
2753
6813
7917
4118
5843
90
3921
1876
7194
234
6317
4318
902
5407
7272
7166
1639
1061
2856
2466
4397
6772
6729
3674
4779
1051
3545
4938
1009
7088
6569
174
5906
6324
4770
823
5799
1334
1261
4172
6304
790
1709
4120
7264
6946
3689
5603
1834
3019
4475
59
154
5809
6383
4100
7802
4253
3992
1318
3866
2806
2932
7579
6093
6904
4247
6795
1674
1666
13
4859
349
1205
7790
7095
7750
5813
520
508
7215
6069
922
3634
4552
599
1253
2664
178
375
3939
1380
6415
3592
1762
5255
7523
6184
3453
615
7623
5128
1629
4137
4386
2047
3262
7967
3100
5953
1074
4352
2055
263
3196
3783
6603
5436
1678
2582
2782
6481
5023
6399
2934
3338
508
610
3366
4736
4399
6099
5454
582
4142
7125
6769
3268
3366
4815
1855
3967
4182
4783
144
1715
2442
3753
2044
1865
7086
2578
7271
6741
5141
1470
4491
4251
4386
4696
5851
2841
592
4177
3519
1712
7367
5346
2939
7476
1131
655
3027
6281
401
1150
6277
7797
2904
2928
6680
4112
7146
788
4987
784
2152
885
6000
5116
6121
6396
3536
6674
1021
1456
2651
5195
7674
6827
2345
7424
6923
3398
1993
1033
1209
7842
6514
893
5794
2721
5049
4530
4538
519
7779
2817
2370
4498
1310
7096
2214
4950
5200
3079
2089
7545
5992
1183
6137
2297
7831
5061
2554
1148
672
6577
0
4317
298
5169
1685
1851
3091
7916
4187
2716
5366
1674
1267
5719
5928
1713
4573
3540
2142
7467
7363
7268
625
986
4756
6731
5892
4549
2445
4419
931
6951
2011
6980
2163
5155
2310
5568
3144
4575
7358
5567
7148
4324
6710
476
2472
4316
2929
2950
3377
6787
2815
419
1361
820
1095
1501
5929
7101
2623
5404
4522
2905
7622
4717
6505
4902
7652
1941
6420
3271
5727
36
1559
6812
5127
92
1542
5251
1881
6543
6734
680
406
5170
5803
1715
4208
4120
858
6786
999
5685
3505
1963
4057
281
2698
132
6400
1891
3323
662
5824
302
7850
5460
2043
7099
4799
7283
6446
2828
1055
7145
5618
712
88
5022
1733
4615
721
6898
5717
246
6190
270
3454
7118
3549
229
7721
4784
3014
4130
6954
1887
3907
2693
3452
5220
5715
7440
269
1313
4370
3660
1092
4111
3158
85
2777
966
1387
5288
7309
3648
5549
1439
5849
3504
7565
7761
2678
6777
7797
594
1196
7155
4017
3159
1345
6047
7552
7897
1573
2467
3645
6104
3217
1882
5181
2245
5239
5946
6776
7027
187
4292
6704
4242
4005
3636
6837
5567
3909
4179
491
6965
7183
7026
7684
2202
3348
889
3242
1476
1254
6474
6453
7815
2578
3243
32
1012
4654
6737
5657
5763
876
838
6085
5256
5690
7545
4703
5095
472
1360
6148
4839
5945
3807
5854
5393
227
2820
2992
4743
5740
1085
547
6489
1358
2121
406
2069
2965
4494
6488
3411
1903
686
2661
4624
6019
4714
3825
3872
4979
5679
3250
4820
5498
2744
4470
4179
6040
855
5055
5953
491
2761
4831
4713
2084
7101
7497
3447
7338
7434
5555
3062
6650
5648
1124
2014
3511
225
2998
2414
6843
3408
755
3100
4313
6669
5658
5542
1601
398
3977
2557
3015
1418
5436
838
332
2329
4058
6030
662
7569
916
1445
2596
2410
4135
3690
5456
4185
5142
3791
1366
1479
1596
3660
207
6386
5783
3580
4913
263
2239
5626
7998
3462
1760
7985
780
7138
22
3993
3555
7268
3652
4861
3295
6921
0
4538
5752
1115
2295
5895
4177
7961
3562
5478
2429
7656
1856
7067
2357
7975
640
259
3225
2429
2081
118
7487
7154
7283
5799
2826
2449
6162
449
500
7879
2191
5961
7295
3387
503
1591
4457
7091
3631
2838
3876
1396
4557
3191
2623
3414
7342
2716
4123
3670
6392
1304
988
1044
1230
5374
7971
7589
757
7382
1491
7328
531
5708
7334
7174
4489
843
6608
6809
3901
3175
4500
515
1632
7771
7395
3230
7373
2280
7076
1115
5540
6474
3127
849
1501
5885
2067
6878
7819
2923
5829
4135
1957
1081
6396
7849
2206
192
5134
3843
0
5785
2403
947
4896
4400
7263
6587
3789
4545
2875
6862
1103
6415
2216
7124
6945
2911
7248
5916
3756
6174
2552
6339
4982
7097
3416
2734
1420
3500
6742
1522
6104
3513
7294
3275
1112
5836
2931
6192
7359
2738
6167
1596
6845
1271
5928
6200
1342
446
59
1846
7237
133
547
2834
5471
2735
3425
2271
3676
755
2415
6432
3412
851
1685
3388
3697
4036
3344
5654
3568
953
561
6533
860
228
5990
7006
5057
7110
4641
751
2536
1493
2370
4986
4350
7179
7971
6509
2810
6912
6189
2021
1473
7771
6447
1922
2859
1209
2157
1130
2950
5140
2987
5524
4075
2001
6914
989
7690
5875
6802
7976
6096
4984
6718
34
890
4875
579
2082
3577
808
6150
5052
5754
2413
5325
6733
3272
1521
4347
4033
495
6051
7947
628
5428
6485
7733
7640
703
3036
4410
6240
7474
7199
2648
1445
444
5584
6437
7687
7314
3081
1158
4505
7778
7331
84
7950
4433
5034
2928
2045
582
1663
6024
4338
1169
4960
1283
2806
1251
7205
5938
418
3531
2968
7403
6068
2481
4261
3395
569
6996
7204
519
5832
4250
7793
392
3737
4073
3334
5064
5438
802
2798
32
7067
7344
4471
6499
1145
6759
759
4553
2107
6963
4733
2235
7943
1570
4674
4417
4562
3817
2727
7633
6402
2057
7638
5008
450
5252
2626
7526
7692
2509
5754
924
4020
5860
4493
7751
1138
4706
5855
889
7350
6594
3684
5879
7218
5938
86
1610
3298
7662
2156
856
5812
931
7495
1027
1748
470
5025
4786
3942
6522
4606
6098
803
3521
4299
1465
3183
4642
4616
4845
176
3026
4168
5721
2194
2713
2698
2445
1530
3850
2560
5075
2641
7283
2974
169
7283
4280
7056
4734
2684
6581
6278
5458
7461
632
3073
4744
1046
1176
3403
5308
5022
5262
5890
1408
2460
4744
7387
6820
4609
7023
6544
1519
5529
1688
3781
6338
5924
2093
7079
5767
2612
4179
5285
3851
5211
2087
4010
3547
650
5681
6511
4934
7962
2728
6565
5637
686
2593
7969
6563
2821
1296
6174
2731
6259
7283
5785
3003
3773
2281
4994
7483
154
3638
6235
1050
6381
7763
5413
6127
7403
2487
6684
71
4859
3505
3667
4603
2501
370
4514
5489
4905
2577
5574
2592
2626
4345
11
5600
5956
5227
2289
5531
2446
331
3279
7592
536
864
4239
1016
1450
5041
3565
7014
4539
1922
4872
2445
5511
3992
397
2716
3376
5641
6191
6213
4297
6001
6590
2267
746
4116
2662
1038
2474
5150
3546
5637
7550
6156
6423
3508
6915
771
7715
4121
5645
1170
4835
1800
5156
6024
7450
4233
2307
834
226
5390
3769
1111
4345
3547
6156
5019
5734
4474
6892
5365
2252
1982
5392
4839
6159
5470
7321
1964
1307
5549
5511
1512
4923
107
1492
6431
3564
1968
6202
7332
2518
4929
6256
2572
2918
2747
5645
5368
4817
6534
5040
7468
2380
4062
6823
7782
7446
5361
3755
1335
2906
1337
1743
7452
7749
1294
3517
5452
901
1169
3540
4517
1530
6776
2929
6277
4209
2701
4558
2276
6300
2780
6630
411
7938
1603
841
493
553
7854
4960
2831
3920
7830
4527
1835
2712
3949
3178
4613
1339
488
5631
7641
3129
3039
2633
2208
7611
7985
3159
1515
1309
3270
3118
6857
5330
1540
3502
2365
3080
7184
450
900
3859
739
5409
1118
1080
2618
5944
6579
1977
7872
7207
6879
3136
783
7413
4254
5861
1269
7377
7290
2771
3412
3491
781
2830
3071
5772
1432
3874
48
3989
264
3316
2039
590
6312
5770
7099
7062
2460
1874
6419
5048
398
2695
3499
7267
3119
6879
7096
7450
1948
6210
7122
7019
1868
1116
7713
2988
7934
809
3515
1140
6359
2458
2232
1641
7615
3484
5870
6110
6422
7657
7069
5079
2075
4951
6821
2487
2698
5753
1356
492
3240
2976
7898
5131
5746
3940
3001
7852
5580
4679
4498
2947
569
1015
4453
7733
3688
7796
4736
3468
3477
3068
5976
5513
4495
6993
4668
3719
5060
5966
6628
3448
5252
222
4981
5548
2256
7109
217
1021
5921
5182
1959
5364
865
4537
5702
6347
7430
5786
6881
3375
7371
5862
6220
6972
5071
125
6910
578
7647
7226
7999
1268
7905
5010
681
2523
7096
3600
1977
6520
7667
2325
5439
4380
4723
7852
7653
1938
6322
3170
3392
6151
3128
2433
6700
5142
1467
3154
1943
6265
102
5098
5991
2929
4098
5204
6526
6314
3204
195
2111
3461
5072
7331
3569
2645
5230
3350
6126
7088
2559
4236
7674
5209
3463
288
868
3160
6383
1031
7028
2501
4267
2220
2733
3687
6199
3247
6568
1547
1046
582
7647
328
3307
1783
4411
6727
1175
4201
7571
5164
3525
4979
5088
7032
2074
7465
3176
3811
3394
7704
6778
161
6314
5517
2965
7930
3164
2201
3038
7553
6380
3155
1591
5637
3649
7267
5769
3186
2129
5616
7282
1377
5255
7838
1742
5673
6546
2835
5056
1397
4140
1868
4460
7030
3613
4344
2027
7765
2748
1189
6167
7348
7432
1050
7826
7814
5629
5465
1090
7259
3968
7833
88
183
7009
5866
7505
1955
1938
4840
1643
2459
4596
3673
4167
5728
5167
7548
4984
4705
3879
3334
2046
6817
1041
7148
2769
1018
5252
3771
7586
2337
134
5367
7258
3782
103
2986
1646
3473
932
93
1310
7683
3432
2301
3022
4512
2771
4243
3450
76
2809
2609
1720
1801
7725
7791
686
1178
5954
1625
3434
3848
3651
3268
6197
3969
84
209
3737
4525
2170
440
1636
2888
4169
31
3291
5259
1561
1763
3777
281
3242
3710
4779
3667
7958
5483
7511
7439
119
1830
7208
643
4794
103
769
5351
5160
6161
7911
586
5415
6382
7213
1918
7238
4410
1780
1305
6486
779
4485
303
463
1524
7939
4492
5359
4034
7782
6338
7565
2602
2390
551
1553
3979
1490
3136
6730
7089
1109
3246
1925
6433
3920
6686
1545
6164
5638
239
7649
6673
4536
31
7932
5688
4658
7982
4133
716
7868
4141
5334
1384
2601
7944
775
5777
3546
5087
3908
1926
4240
166
3084
7367
4481
1309
6182
6966
4909
7277
5644
7505
845
5612
6405
2709
3183
1042
1871
1328
2576
442
2005
1590
4922
3720
6054
4905
2691
229
3425
4082
782
6238
6056
4395
2773
3178
5657
5934
6514
7614
2702
5017
3653
1587
1497
3175
2413
6046
2127
7550
3769
4119
1511
6653
2435
6291
4831
1319
7016
4017
2998
2782
6803
5548
4180
3213
4407
6371
1546
1250
1276
2353
330
7984
6876
587
7533
4042
1441
3252
3857
3209
4605
4306
2472
5232
1844
7731
2475
7002
4014
1027
78
2381
2451
6749
3377
4019
5315
5711
6874
7270
3551
391
4564
5086
7551
7811
5340
3245
424
3203
4139
4302
2319
5281
5841
3495
1572
6940
1075
6500
5336
3537
3837
4763
5325
4787
4055
2841
6596
5233
6421
7215
4428
5151
4660
3396
3527
6754
7339
3656
112
2264
5983
1219
7630
5819
5996
2534
4699
227
4985
3641
2323
5950
4760
6179
2592
2740
4270
3134
3638
7225
289
4370
3572
4528
911
6369
7019
1315
7794
5829
706
3601
7437
943
394
6697
7944
3368
7609
2639
6556
5089
5704
2578
2729
414
228
7034
5653
1196
3497
4244
7357
1156
7325
7908
3189
4471
3362
7602
2637
2141
883
7348
4058
2210
3671
7467
952
5084
989
457
5119
7800
1358
757
5987
2425
1506
4283
2575
5284
4027
7407
6783
3663
3243
661
2066
2525
3669
1581
720
6694
4906
2203
4857
3925
3792
606
3284
5064
5266
5223
1165
4077
3232
849
4060
2538
1612
5708
7585
5127
5792
2171
1364
5529
3396
3222
3666
1726
7663
743
2591
5838
4385
190
4683
6468
7555
4908
2374
7589
7429
894
5050
799
2542
7815
328
3606
7976
1753
4070
7600
7465
4409
2193
5119
1306
6125
4631
4633
4421
4839
4219
1514
6629
1893
6316
4590
2954
4295
1115
4033
529
2799
1596
4464
3411
6649
4061
2765
5024
3475
4489
6798
6538
6684
7454
5983
5197
875
3789
4275
7811
7096
7027
4667
3671
3045
6704
2637
4037
6351
1572
4464
44
7456
7244
4404
5057
5921
577
1354
1401
2126
501
5771
5716
2613
6234
3366
4357
7546
5434
6795
3809
52
6088
6738
3589
3147
3454
1890
1257
4008
297
6267
5933
3463
5365
6357
4609
186
889
950
3808
560
5984
3165
3170
3650
5750
6532
329
6942
2825
1679
5267
3112
7119
1013
7028
3661
213
3740
495
1242
3341
3743
7806
4747
1603
4425
3527
6702
6973
1600
1598
2535
1917
4789
1464
3968
6306
3352
5951
3993
4036
4021
1340
194
3666
5761
1033
1740
1034
7931
3335
651
4867
7209
2817
7352
387
2635
1892
3802
7761
1863
4499
6359
6907
6288
52
266
1932
6747
7464
5223
6020
2389
6834
6869
4084
4223
4810
6295
4391
964
7946
7790
7950
7053
2346
1646
5478
4176
2500
5311
1261
4075
1568
676
3835
1044
4769
3902
6789
7341
1508
191
296
2451
4695
7596
1938
2932
4786
3553
1436
1776
269
870
5968
4051
3220
5750
7647
2684
2658
2654
7402
1190
7543
356
3630
4917
2331
3481
1447
5526
3644
5258
828
6232
487
2674
4964
852
1379
3518
5141
809
826
7016
5709
650
7217
7938
7708
986
7723
1197
265
4326
1144
3013
3947
1453
7840
1757
6214
6955
5539
7309
7519
6363
5203
4838
957
603
306
3635
5944
887
3276
4111
6554
5513
4806
4996
1631
5160
1847
6557
2542
3877
7072
1628
6183
7186
602
5239
2329
7187
922
2852
6685
1715
5056
1266
5464
1017
6324
4356
6286
997
2393
162
3111
1753
3991
271
1006
3504
2505
2924
7595
4840
7918
3554
1663
2912
3610
7347
2705
1794
6692
33
5116
4016
1657
3499
367
5500
4069
4409
1122
3832
3767
570
2943
6479
5593
4232
6371
7608
1430
5309
6521
6739
6263
5378
3932
1818
909
2787
4048
4341
7555
244
6622
6379
1896
4052
7098
4032
505
7977
1097
5499
2916
6368
5253
5717
3394
162
3370
587
3373
5079
2087
2954
2730
6923
5692
5310
5118
2253
7004
6345
4076
4230
4655
2288
4685
7654
7431
6905
279
847
3957
5796
1671
1643
392
4191
5749
1420
5526
124
1994
3893
4641
431
3458
4817
5848
448
1038
6042
7201
6853
247
4739
7685
5746
7443
1184
1913
5140
1168
3688
5605
1576
6661
3926
3101
7988
3264
5307
2835
3740
6322
7209
6129
6574
751
5262
3463
5853
4229
3516
3302
7243
4203
3666
2150
7153
2671
7745
1169
5146
2144
7804
3628
3705
1352
2484
5282
5262
3225
4226
765
7822
873
2932
6136
3448
2916
6573
4301
710
1873
1511
5983
629
4982
7747
6894
2053
7529
7424
7518
2280
3605
4018
7254
7649
4957
5617
5803
6153
584
2747
4019
1883
7825
4852
7744
727
4820
4683
6069
7466
7392
558
380
290
3186
6019
6450
6172
3502
7711
7039
420
5418
4822
6268
348
6338
7098
316
4212
4680
180
3749
7122
4340
8
926
3189
2814
3433
5444
1915
824
2303
2745
665
652
2061
4789
2039
6304
1581
6908
7428
5893
3580
5838
3754
5589
7590
2821
527
2051
2303
5253
1158
5202
1596
7264
3667
5164
1045
3576
221
473
1738
7317
3348
5801
238
5935
1120
4633
3235
3180
1136
5066
817
4591
2628
3086
3500
3063
1122
6701
6138
1137
2103
3617
6264
938
1357
1858
1906
3643
3541
4310
2164
3111
2960
2237
5501
6033
85
5925
7278
7870
4982
6180
3777
3290
7275
2467
4546
3864
7310
2971
4079
1730
1057
42
488
6815
1038
7380
4526
3098
4379
7391
5917
5749
7987
6550
6178
3781
3837
937
3513
1960
875
205
1300
6569
1301
1838
1712
1813
6808
1372
4848
6430
2166
4206
4327
255
4152
5168
323
2735
2266
3306
1105
4640
3221
6325
3084
574
5626
598
3486
4461
7251
5307
3288
3484
2265
3140
3752
7896
7311
3489
5554
7547
630
914
1981
7092
6589
986
3537
3200
4186
2333
5616
222
3481
2613
333
6016
2968
3163
3842
377
1609
4366
1898
5893
860
7773
4776
1221
1081
888
4299
4368
5011
1518
4534
4290
276
7260
7269
5326
3822
2955
2087
327
7126
4914
5023
3123
7647
6159
7931
269
3714
702
7905
889
6798
1100
5127
5699
7485
5829
6447
200
4738
5426
7195
243
490
311
1150
6384
5792
7265
7719
4574
6117
796
4342
2664
485
4646
2028
2203
4783
7322
473
6048
1910
5480
7125
6545
3810
6974
7884
7378
4416
5305
4746
7823
6757
6315
7829
4681
3943
7248
495
7648
1396
1062
1042
433
3986
3472
4757
1514
4357
7639
6149
7019
6443
2921
842
3759
2272
401
3201
4750
599
1052
3252
4011
6418
5418
2643
3840
4179
7248
7263
126
7790
821
3099
2676
5992
893
6372
5752
4407
976
4008
5641
1391
2497
990
5665
48
5381
7391
4124
4092
5692
450
1305
3087
2028
364
4147
2562
5993
215
6914
6713
7818
1239
2163
3946
1895
7036
683
1835
7018
7719
4441
2972
7429
6806
1691
4257
4187
5704
3974
3209
4325
5417
3216
2483
7598
2327
831
7188
7856
5504
7730
4936
6431
3146
7451
1909
3928
7174
1938
258
2564
345
6853
5371
3140
1875
942
2718
6933
5027
5312
4853
5239
2168
3009
6416
2254
5407
2169
6878
2135
1983
4964
7643
2966
4524
3029
3477
4802
5331
2762
4924
1720
5741
618
7692
1974
7391
2014
7395
4950
142
7359
6001
301
539
7063
5939
3200
2422
6053
5092
3112
6580
5579
5769
1048
1881
397
2158
6244
2603
4390
4629
902
1977
1894
2623
5173
3104
371
4378
2401
1048
6354
6315
2564
3219
3216
6827
4479
1062
2582
2454
4848
2326
2135
3675
6366
2867
1292
4168
1413
5823
2007
302
4775
6840
1779
3571
5982
4508
2443
1293
1502
2631
6165
6113
851
1341
2479
5759
2980
5545
637
7982
6261
7722
5859
574
5750
5109
4317
2189
3527
3337
5626
6856
6992
2624
2071
7538
276
7413
7551
6020
2415
160
5322
6973
7561
3985
1733
7120
2839
1267
7252
3905
463
1303
2579
7304
2322
3855
7781
1788
6966
244
3271
3140
6115
7507
6897
3417
577
3014
4534
3801
2045
6903
3546
713
1255
2471
3798
3200
6299
1202
4415
470
5848
7764
7208
3583
4294
7356
1606
3313
4730
7035
5572
218
4873
1914
3630
2830
7324
5873
7477
6202
1472
5262
4482
2513
6392
2551
3470
2250
1224
4562
3492
5094
3459
4551
3353