1423
828
1001
1095
1151
1332
770
607
507
246
1345
137
585
1086
401
1008
30
190
606
195
892
1265
857
623
367
506
927
987
390
1245
1271
993
1175
813
1072
1323
468
289
89
19
1382
1315
321
325
102
407
449
1386
743
1137
573
219
1218
1491
194
241
1266
588
610
102
1177
792
389
733
273
170
595
1478
364
1392
1275
1126
331
104
1370
1329
297
8
1425
1227
1160
1271
692
78
789
1180
110
370
1109
1134
894
760
511
923
775
934
1354
1117
67
1285
1416
76
559
918
1278
631
1321
263
1364
1254
765
268
755
834
356
784
1154
222
171
263
1497
635
742
250
272
114
502
212
60
1116
274
928
1051
464
651
1223
1407
1203
1178
1457
892
825
40
1107
801
580
435
1245
149
426
724
1228
928
1438
263
1251
994
235
129
1070
293
146
986
631
1391
781
974
1369
820
200
876
1066
82
401
1376
1414
1447
592
811
1217
451
1365
1144
310
437
649
1099
1156
490
1014
734
499
1273
574
1323
609
592
1402
782
1308
267
1256
1088
294
68
1337
849
1480
1414
894
808
428
1236
294
228
916
895
159
1419
344
1390
1454
792
898
727
901
1443
645
437
329
714
435
1352
38
588
120
951
1401
126
1173
1040
1076
1410
331
617
983
226
737
726
873
121
995
1272
507
514
361
603
1044
329
302
745
362
1373
650
664
1412
399
240
430
881
296
922
1199
767
1157
513
694
503
894
503
401
1272
32
1058
820
1061
464
536
1410
243
155
325
713
369
76
67
144
667
117
750
1042
788
591
524
373
126
1436
201
762
634
186
551
865
693
808
531
638
471
564
831
319
398
1332
1131
577
777
910
413
884
1356
325
643
271
466
41
537
1148
113
903
1237
798
992
1272
709
373
89
377
583
1179
330
729
759
1313
534
915
239
137
1309
994
836
506
995
1097
112
1339
1277
1134
364
285
1228
1116
492
718
951
1371
836
1078
1026
283
86
1361
1445
55
359
1226
17
1266
1262
162
1091
67
410
393
352
641
157
1329
1178
1499
158
1467
1377
759
638
480
1134
1218
617
1162
644
644
431
833
193
969
619
158
1261
947
938
609
340
1239
724
1029
161
594
1446
750
357
1049
654
1105
526
1356
1245
882
1115
966
1411
790
205
94
1211
821
1402
80
1002
1450
652
426
1493
824
983
1135
553
892
92
1047
93
1259
1238
1389
58
1157
1314
227
516
496
267
742
1395
1225
206
830
220
741
1292
135
678
1085
1483
691
616
291
337
842
48
792
265
897
976
1295
901
200
135
1342
1060
566
451
911
1100
337
1448
1461
515
303
461
43
244
1216
876
147
1430
1333
1139
240
1196
1329
907
445
778
785
851
25
111
1316
604
409
978
127
672
539
1435
1097
367
1050
257
1420
235
1075
584
1196
651
442
490
1035
1115
82
294
835
1452
909
516
1390
1485
1071
1333
690
0
214
1087
1329
1201
1090
1386
880
553
1036
1212
702
213
1359
46
1016
45
657
75
1380
653
50
725
819
1289
728
1424
1474
639
975
253
17
774
51
1179
14
968
1477
1121
64
1096
144
579
805
1303
27
108
929
734
1144
215
46
1105
650
1138
952
178
699
103
1136
465
807
1498
470
583
967
1270
128
395
1006
828
831
801
1305
745
1042
909
905
573
178
669
565
1214
672
266
660
1227
568
1454
1293
258
810
988
1124
908
239
580
1455
1184
1055
363
781
786
731
1150
1256
1038
1491
995
695
612
22
1154
936
137
305
508
1155
704
919
106
654
1318
906
1308
982
200
981
443
1047
159
150
365
831
477
635
394
939
40
609
164
1209
945
439
962
1216
1463
547
1189
203
1077
95
777
788
890
1482
834
1047
1001
1067
1326
748
575
41
551
1016
971
1072
658
1065
1434
41
1412
1173
107
825
518
1277
1010
1109
1156
1082
960
1351
1267
246
231
1337
899
1438
1361