1918
9501
4144
6884
7361
3007
1270
5568
6677
4971
5786
4701
1690
9998
4479
9916
189
4221
4851
941
8675
9460
4238
6344
170
9433
3957
9757
3684
2499
2020
2026
4700
311
8197
4322
6147
2728
3214
4027
6614
8061
4415
50
20
9235
2104
4629
9486
1726
5420
1154
1395
2262
9599
9545
9626
1196
9788
8442
2980
3006
3097
7620
8268
202
6986
5794
608
1768
6980
1374
7806
838
2699
8050
1371
3405
2243
1387
3696
2833
7448
9761
5772
9002
3907
6950
6031
2382
7942
8032
2650
9362
649
9587
2029
6723
1020
8376
9297
6332
9622
4062
2383
5459
3690
2472
3691
8235
8308
7043
1651
675
9752
5616
6260
4374
9390
2369
7579
2777
3191
5681
4748
9070
7241
6095
3498
1498
5465
2648
6357
5799
2968
9659
6952
5789
3362
2599
7173
677
1802
2211
7310
1510
8313
1358
1768
6348
2196
4687
7701
3562
2933
8549
156
3898
8170
1741
577
2812
4326
9564
8881
7877
1099
8942
6691
9721
1038
1473
7999
8540
5733
8473
4234
8289
3576
2602
7185
9213
4369
2318
590
8592
6590
9192
853
6166
3858
3868
3174
152
8256
1373
6464
7366
7724
7005
8892
1253
838
5168
4936
5274
1775
6720
3088
754
7523
9217
4852
3143
7266
6636
7700
5118
308
3298
4986
4475
8133
481
4256
1715
9658
8634
4728
7301
7646
3810
7656
9567
8101
268
3239
2827
303
5723
3661
9772
7433
5298
3476
7696
1988
2579
8326
319
3287
3090
2676
1705
8744
5635
6997
8486
1415
686
2407
7732
4618
8364
993
6504
2213
5909
1393
9365
9869
1571
3435
2205
7260
6915
1592
9379
4495
8243
9812
7853
480
912
23
4900
5359
6433
8922
7746
6151
1434
1027
2854
6804
9886
731
8872
5502
4801
6258
2885
3842
9774
1764
8163
1090
3153
7102
9624
8805
4093
2908
3156
8299
3380
901
2019
3616
7190
4589
9925
4798
4272
1693
2253
6468
1522
2083
8376
9905
5867
2414
1087
1126
9306
1670
8498
2061
9240
2726
645
2726
3026
5961
936
3161
9456
968
9217
5571
110
952
5954
8939
946
1207
3733
8066
5380
8486
9313
2636
8830
9621
2233
5101
6880
7259
9281
7958
2980
7244
1415
8436
9272
7502
4138
1969
9656
1920
6061
4531
1766
7445
2571
1375
6333
7183
1629
856
4980
1771
9581
8853
3915
6633
1471
7722
209
6586
2217
3068
5420
5099
4764
2061
9220
605
999
8666
1061
124
494
3643
393
3639
6760
1550
1450
3857
4259
9904
4151
6245
7296
2237
5966
9102
1385
5084
2287
1224
1742
242
9434
706
3801
4874
788
546
8772
7314
5903
1165
9284
1816
7130
7022
4899
3797
8386
7962
1459
7004
1186
3779
3960
6604
2011
4634
5861
589
9261
6684
4826
4890
5773
838
4574
2409
2865
4228
8467
5878
7029
5260
3608
6618
6704
2667
8896
3389
1778
3151
8817
10000
8637
652
9994
9236
5982
1922
327
7139
2556
889
3135
1054
7037
2005
9701
9509
8671
6929
2746
8101
8815
731
5035
7258
9901
3301
7020
326
1431
2040
111
7703
4568
9728
7901
3879
7675
5959
5310
2599
1375
5673
1153
8631
6953
6990
2266
7899
3519
37
4345
1257
1226
2174
651
3960
7637
9912
2810
6300
9334
314
7253
2129
4336
3292
9966
4392
226
3011
9606
3219
9424
3884
7729
2662
1887
6084
8539
768
4631
2863
3810
3886
895
6098
5350
8792
1423
7342
2994
8025
740
1694
8423
1729
4623
8000
1412
8045
1547
3832
7060
7883
1731
7637
340
6737
2274
1305
4472
3123
7202
2996
4542
3705
1027
3704
4646
1803
8675
5832
5921
6503
2414
8500
1833
3016
2596
5870
258
6244
7794
9867
1586
6277
7369
8649
7113
5502
2750
9333
8582
8055
9306
2892
9310
2559
7553
5760
4354
8620
7632
2147
2250
2065
1106
3857
9581
3477
7326
3074
7238
9217
7565
6624
5794
4078
4108
4041
7236
9122
5730
3109
2135
5547
7643
5298
5435
4505
3802
2141
1865
6587
9591
9888
9397
234
5164
3030
2784
435
638
4776
9968
7047
1
7879
1392
6666
4389
7750
1288
891
6930
5689
1109
2605
7521
303
4689
4443
349
9172
3513
4522
8295
6152
2824
6612
5019
9919
53
4430
3762
9924
713
351
2821
5965
9661
6903
275
5237
1037
7076
3248
4622
1141
1597
3688
4463
2646
9893
3389
5937
2162
9154
1234
621
2182
3374
37
1029
784
8842
7723
4246
2713
8099
7495
6129
7235
8711
6189
9220
5921
9900
4751
7798
8577
8835
2151
3991
8724
85
1793
843
4113
9193
3505
3150
763
6446
221
7347
3925
499
2758
5651
7941
7808
4360
5902
2743
387
1717
9768
1150
3849
5783
6288
3414
6769
5012
6509
2153
58
2423
5792
3302
7455
3867
6225
91
1546
9375
9072
8053
6545
1790
5386
4507
1222
8107
2852
6889
8331
7881
2180
5740
9440
3415
9736
804
2108
5209
6857
5402
1274
1963
584
3435
8176
6306
2407
4307
1213
3420
9339
1522
112
9372
9430
5503
2666
4574
4395
7704
3747
7793
4934
4601
2738
3945
9034
8476
787
9665
1748
6761
7255
7289
8771
4968
503
5168
3404
6445
9604
5564
2958
7455
2268
7937
2425
2084
1787
3024
18
4637
9756
2927
9408
2722
5596
3491
9102
9756
4539
3719
2523
4699
3286
3159
7456
2772
3658
4714
6283
7746
6914
4461
903
2822
6007
897
3990
940
2221
1383
171
8108
3634
1921
1357
967
9178
2032
6500
9006
5404
5035
9181
6278
3580
5200
3454
8340
2299
1955
2392
6703
1869
5991
5506
6974
7865
589
9731
1989
3570
8826
4332
4369
5158
6856
6039
9638
4183
7238
9884
2635
9386
7428
9281
4600
7911
4520
4474
4838
2262
9893
4799
6827
2454
4500
6497
1321
5628
8748
4632
6924
3605
250
3285
6903
3309
3132
8296
719
1920
4964
5004
389
6183
4462
7831
2762
1385
4690
5279
241
2406
9129
287
9250
5009
5510
9420
1116
3941
758
3600
1217
5164
3788
1954
7750
4757
2820
3367
535
8534
7394
6862
6523
3464
509
177
8208
6930
4364
5943
4083
4668
3710
4494
2470
3433
3562
2439
2200
616
1072
6248
9433
8662
6662
2910
9671
8272
6702
210
9222
3906
7843
5623
450
441
8348
7755
3006
7675
4710
6941
6109
808
1526
9443
960
7046
5854
3073
6323
9190
1596
9125
8309
374
4383
8286
6092
6592
3304
8774
7379
6668
2119
9396
9166
3847
6674
9272
9435
7441
4659
7702
9346
2178
295
9605
4157
9630
4247
2533
6044
3825
2333
3265
5307
5264
6920
1279
9724
9903
5559
6550
2771
6031
3040
3219
6977
9965
6014
4767
3633
6819
3102
9559
5066
1077
1650
9577
2443
4689
2274
2146
3593
6952
5790
8895
8452
1249
7129
7145
8671
6481
5529
452
9603
5705
6090
8141
3762
7978
6708
9419
9962
4112
1359
6757
1085
7281
8059
8618
6743
1094
8071
3861
2546
6795
2839
4664
5963
4497
2924
4856
429
3093
9994
6307
2448
3270
2851
2990
5156
172
6958
8061
6962
1575
3393
1860
9802
8326
1669
9552
3752
5738
7702
3113
516
3612
8824
2958
2565
4010
1700
6091
3372
3336
8707
8569
8442
9184
4210
3292
6367
4825
8049
7295
480
8969
6571
2461
7413
7119
6781
7757
6146
7940
391
3342
6535
8780
1407
534
489
1827
9584
4897
7998
4650
5677
3044
5989
5064
6722
9346
3883
9460
3942
9392
5175
2412
7734
7962
2581
8989
7759
8547
8411
3024
6006
2862
6201
1781
8381
8745
96
3311
7244
6827
2706
1421
9589
6601
9869
236
8253
5760
6219
4066
8642
9180
9943
5946
4419
5218
6569
2826
9497
5227
5224
4124
130
4750
9369
7611
8283
5867
9505
4427
4063
924
2586
774
2144
7442
1491
4029
6207
5839
9017
1735
4097
4091
7114
1915
2464
5620
1738
6766
1960
4165
4657
2356
8165
958
8839
2072
2353
4405
1196
6945
8869
1456
1359
1211
649
8040
1229
3382
714
4193
844
1412
6959
2593
4504
9458
8764
4274
5553
9623
9726
4852
2560
1708
4559
9732
8350
2100
5782
8340
9189
5732
5491
1140
2308
5319
965
19
4826
3762
8527
6349
2780
1304
9706
5777
9067
8578
7964
4942
7837
4417
4510
1591
1771
7687
3517
5887
496
5056
8109
8593
3190
4558
576
4108
2068
6108
6866
8951
7270
2156
9150
5218
3286
9012
7866
3010
2319
1249
1365
7359
5691
5211
3497
171
2796
3414
238
2522
2578
9521
9706
8724
2833
3695
4062
8207
6643
3103
842
7068
1039
7684
1960
3783
9322
3106
5144
6148
1704
5656
6228
1105
3540
2002
5549
5086
102
6751
390
9615
3744
7504
4952
1791
452
3587
4062
2734
1946
993
1594
4533
4759
4282
5571
1398
9225
5241
9256
4569
2623
5582
8374
5387
4646
9726
1837
9299
5564
2706
2269
5422
63
316
412
2052
8553
9808
1973
1963
9219
9100
1317
9991
8673
1308
2491
1410
738
7742
8599
9845
6415
2663
5180
5366
706
986
8681
6994
7533
3932
7205
453
5218
2327
8929
268
5039
6747
3652
5196
5262
1255
6729
5062
5134
5926
7398
3772
1905
8487
2382
164
1460
9473
9724
7633
4286
752
4013
8879
9202
9449
7245
2582
6956
4357
9483
4646
4999
7493
9143
5055
9997
4054
4494
5688
9943
6633
4741
2495
3853
1565
6696
9776
1011
7612
4233
2235
3644
1252
2534
2621
6130
7131
7567
2079
3479
67
836
3225
9165
5663
2010
6604
9627
7955
8730
7984
5743
5640
9161
1041
1850
2477
9715
5246
4150
4492
2237
7373
397
2344
2324
9088
2773
5522
9406
9649
8046
9031
2016
9739
2456
8831
9681
7958
4968
2444
9966
9287
4911
1016
923
2851
2859
4015
5294
9677
8366
4037
6009
9276
9585
7506
4463
1548
9542
5082
3673
9783
1349
6828
2249
6609
5686
6349
625
4171
5387
9154
5105
5087
5868
6607
4674
5197
9194
9920
9731
3744
9004
389
5641
8281
6089
9889
9805
3131
3172
5232
8055
930
1532
8879
6675
46
1938
6331
2076
149
7111
408
3155
3303
9660
3874
8389
7100
2715
1086
1807
3902
6587
5545
4499
6566
6400
6149
8736
199
6557
9765
3708
6101
9310
4536
1219
9045
9353
536
8601
2546
8723
6019
5192
2293
4588
8276
1829
1933
5695
9053
6786
3883
6120
3508
9049
4528
4884
2508
7032
3178
4046
9414
7889
7032
8296
1384
6763
10
1818
9508
126
9590
2702
3846
6863
511
1389
1097
881
2443
5174
360
1534
3363
3186
1616
6631
968
9695
8590
9003
9780
4041
2501
8339
5848
6903
1177
6003
8233
7441
9926
1125
7448
7368
1054
7573
5601
8032
4152
7076
7498
5064
667
7128
5323
1239
4867
2514
2724
8592
239
7813
5685
3831
2743
2234
794
7895
6758
1484
6353
1393
7887
4342
509
3504
1593
1909
2963
6738
2682
3788
4780
9876
2172
3369
9777
792
6612
9206
5446
7138
129
4472
8987
1427
8663
9337
7576
7063
6601
1991
5368
6541
7662
2735
5449
2771
4065
2075
7790
6008
2206
3592
5721
9141
201
1072
9438
6848
1964
4746
7553
4855
9511
1533
7190
4538
2310
4314
3706
3375
7892
6887
2332
5208
2032
8133
5196
2932
2594
8534
8238
266
9745
926
9097
2671
4785
1665
9306
6866
7877
1694
1312
5706
7734
3320
1800
4881
4997
6216
612
9827
450
968
9526
885
9206
4557
4232
5965
8084
3814
7453
4800
1730
9147
9039
7291
4615
4555
8475
3732
5632
6668
330
2720
5081
8700
6253
5612
5859
633
3069
2808
5973
6184
3837
8919
9938
5039
9482
6220
3538
2873
8610
6944
8469
4260
1408
7946
7867
8568
188
3871
3527
7629
5253
4788
6903
9009
1424
7327
7427
5790
2070
3273
8109
2503
8700
2523
9352
943
5760
2821
4398
2885
6926
7180
7129
3050
5958
9203
3543
3317
8419
4379
1981
9276
5869
7883
5372
4508
3708
416
9427
7783
3950
8559
9221
546
2712
9163
64
2615
7906
9686
483
2528
9309
8623
509
829
1170
1116
9670
1411
836
2365
8540
1864
347
6807
3619
4621
4690
5997
6358
5433
5104
1703
7409
9832
9731
872
9707
1183
2066
5453
4023
7470
1465
7505
22
8474
6251
1976
1721
292
2323
5467
9119
3823
8727
4086
4257
8853
4754
8871
2205
9992
1878
5443
6191
9577
2704
2801
40
6280
5825
3200
6355
5342
2148
979
2775
4480
9833
1092
7126
4126
4086
8878
7784
9665
2158
5870
1359
9336
1535
9073
1099
616
1455
1039
1202
8938
9481
5978
4785
2760
727
2222
2579
3390
3502
1589
7791
625
3956
3071
3225
7487
8715
2489
310
4135
4537
8220
1149
6511
9057
5153
2953
7451
7109
1218
1424
4112
6167
5561
4445
5502
6878
7439
4876
8353
1773
6616
4150
5097
2318
2921
7783
5566
9755
2375
2261
8426
8526
7164
8583
7218
3874
935
5033
5870
4178
378
3126
2430
8937
8216
1496
6436
513
5474
5147
8434
7655
4097
2299
7846
560
6168
6486
5378
5071
2392
6240
9097
718
2657
5880
3766
7302
6963
5003
3719
7172
5676
2922
5764
4473
4668
3072
5345
630
3756
7121
1030
1302
770
6503
4790
5431
6577
1908
4292
2274
5522
1206
143
122
2509
199
5703
1694
7872
9091
3252
3270
5095
7873
6318
2378
4933
7540
2892
238
1686
212
3922
2676
2877
1526
6399
14
6420
1627
7390
3920
4528
6949
9138
2259
5102
10
7666
3602
7682
7135
6054
3435
2359
7935
5261
256
1941
9942
2804
981
6190
2859
1928
1952
2408
3713
2673
2720
4358
9963
2448
8789
2083
2487
831
5786
9621
1684
9146
2064
1017
307
9143
9914
1780
5738
3740
9170
8926
2121
8751
4554
9347
8689
5945
930
5138
5200
2797
3140
4009
8860
4537
8623
8040
4235
1311
1210
777
9406
3574
1900
92
9521
8657
7042
9953
3825
9685
2281
889
9549
2518
8554
9030
1864
6376
990
9789
378
4428
4109
7376
7012
6079
4480
6169
7015
4217
5372
4270
5002
390
5091
9770
7314
2569
7357
113
3029
1889
5232
5224
7437
2280
5897
7594
6933
4622
8032
841
9812
893
8183
3864
278
1129
8247
1586
219
9956
2611
8897
6775
1045
9606
6244
4733
692
4244
3855
5868
4196
5387
4265
7886
8933
2192
8681
1868
3281
131
4932
3145
4782
3849
2797
5736
6993
5132
7337
369
7775
631
773
5020
7701
7393
7026
4428
8610
6375
7948
4311
198
2534
2663
7378
7117
7187
4526
1304
882
4630
8733
6258
7293
3995
1515
3794
2795
8887
7357
4200
2991
8444
6073
859
8295
6297
2389
8161
6156
4646
3115
6097
5886
8736
9940
2075
793
3660
9218
804
8071
5790
4735
7104
449
8141
9410
7462
8331
2599
7529
5983
5200
6842
2931
7454
5401
9270
7054
1901
9032
9540
6564
2963
4966
6106
7574
4550
2422
6867
7853
7798
2342
9430
4201
8244
9676
736
9428
8319
9880
6531
4173
1071
7042
6651
2646
8831
5759
8291
5472
9947
8510
994
1062
6649
6731
5903
1840
2620
7768
2513
5179
2755
5317
5180
9890
4827
8156
781
1478
8553
7654
7222
7405
1226
9347
4899
4660
2183
6051
8037
6280
3094
6914
7610
9929
5436
922
5832
3054
8841
9996
668
9830
9988
5620
1903
7605
8986
2350
6434
8405
5389
8856
1468
4879
6172
2514
916
5156
1306
3662
1809
3599
1229
696
6203
4261
9542
5137
6217
4884
3963
478
9579
7272
8968
7228
8867
9385
9670
2034
5248
2005
4820
5889
5604
9894
6132
7799
9573
791
8897
9077
8582
8853
265
1454
707
4700
6266
1391
2234
356
5657
4283
3266
6968
6355
9129
4389
7678
3786
6590
778
1611
6654
4495
2381
6067
1396
7780
7387
2528
6759
1406
8774
6994
9181
5319
2206
1126
6927
5513
6074
90
9041
4818
1971
1780
6101
6121
248
1440
5737
8271
5885
6738
8853
5963
721
983
1784
8108
6064
8919
261
5248
71
6490
821
1663
8885
1491
9246
5402
6259
458
8952
8553
6667
5906
1615
9558
1408
8627
2567
1725
7513
5041
4279
9268
5213
3168
6663
7348
3223
1927
997
677
6582
4004
6623
4499
8995
2891
3961
2121
2577
1819
4308
7819
6425
3969
6024
8450
7965
3831
6731
4803
7680
5121
3491
5126
5241
8823
4578
4585
2710
7898
3399
555
9893
6065
5104
5629
9125
7185
6606
2306
9233
8837
7165
2607
2006
6501
6349
8048
549
5842
3379
1307
1319
323
6418
4288
4954
1396
9408
1877
4545
7243
639
2535
9448
7596
3977
208
3618
2368
9200
2029
5788
9790
9831
8291
6617
8717
7442
4196
8757
2522
6059
422
4366
4159
5773
3438
1773
7884
3391
3400
3088
6318
8303
6523
2375
673
1717
2983
4686
7420
9254
3353
1708
4732
8548
6653
1027
8926
7100
8977
848
3140
470
8377
1433
9651
1787
6410
5740
7458
2667
7281
9449
5881
4603
9288
2640
2586
7364
3984
3678
9374
8697
975
3593
4803
8765
1759
9877
532
9072
2906
3257
2928
5537
5415
208
5203
4873
7323
3886
7916
5063
2751
5341
7903
6221
1777
2876
8441
5167
3239
1960
5233
2568
2925
7885
3621
5882
9155
5870
4455
473
590
1366
4800
6864
5004
9751
878
3127
2559
1410
640
5799
9202
4722
8472
965
1731
1517
1988
7464
6322
5109
1507
567
2145
7331
7673
4074
5565
5447
815
5736
7536
4398
6534
9956
1877
3642
5505
4821
4667
823
7185
9263
1345
6577
4153
3617
61
8803
8844
3486
1349
5642
5061
7580
1332
4307
4469
1949
7329
6084
2419
8773
1492
7274
8640
4445
7703
5380
4476
7312
5892
7907
8697
265
5497
89
7964
9677
93
3753
6553
998
3011
6894
6482
309
2978
4356
7250
9232
414
1333
8012
1389
2798
9810
6614
5933
4511
287
5941
4747
1759
9449
9121
6275
6267
8816
9895
3647
865
4634
7344
9263
5101
7600
4472
433
6989
5512
2056
1944
1613
7197
7899
4236
5732
9648
2510
5597
6830
7210
5532
9749
4295
9377
9079
8045
5173
466
8108
8191
8677
1463
7728
9443
3305
8698
601
7673
557
2447
1360
3711
9949
4874
4729
6437
6704
2531
9025
6334
4026
1046
1632
3897
2846
4794
9
4169
6998
6774
2539
7018
536
5246
9409
6037
5141
6514
1551
5577
8269
7191
6532
4489
621
4346
5292
4536
3751
6018
462
3144
4297
9681
1633
3552
5616
8265
8195
6482
7492
7897
249
9725
8025
4654
579
3892
716
4655
7705
8596
7484
8199
8221
1388
8904
2677
4514
3064
9050
2193
2675
5738
238
3894
6283
661
6931
8624
2269
1831
4506
1505
3175
7931
1974
5393
679
1634
1148
6884
7853
775
3382
9524
5596
6346
73
6672
6951
3631
3019
7859
8312
4295
1749
4133
6103
563
2778
1563
9269
5480
9679
5038
875
9035
7556
6734
1218
6076
249
9776
9954
6537
4964
2357
7516
2937
6067
254
4793
6723
7135
4790
6934
1772
6699
5358
7267
9890
7472
913
5520
3047
811
1565
8123
6959
9120
8573
6539
2256
5238
8522
2118
4745
1003
5887
4204
2205
49
2968
5810
6331
1277
7759
5340
5044
9501
6882
9256
3901
6709
759
6061
46
781
6951
5030
1601
8663
7815
9572
2000
7979
8194
3390
2109
4220
3761
587
3012
6900
7507
7822
7296
76
4792
7354
3668
2562
4608
5502
1769
2560
1797
2158
1833
5768
8960
7726
7127
8668
9888
7815
7042
5831
6790
2583
4482
8140
4180
1202
2786
3782
1611
641
9005
5951
5975
2165
1807
9169
6099
5808
8842
9443
9305
9497
2231
3545
5805
1555
1714
3960
7129
1559
8502
7054
2952
8578
8869
4045
5897
295
339
945
7125
7009
7197
2224
9387
3512
8055
4920
5876
7154
376
7717
1036
2605
1770
3245
3397
9138
9092
5777
4766
1568
931
6889
862
4863
7353
7375
8617
9967
8002
9367
6358
4225
4287
776
6377
5536
8135
1393
7590
1960
5513
9058
265
9376
1086
579
6056
7730
3965
1615
2668
355
7032
6341
1955
8761
3098
9902
1769
8110
8278
5392
222
6934
1313
5169
9652
6746
4425
9732
3766
4738
3768
4051
1979
4548
8244
6983
5145
7117
9242
8087
891
3423
1532
8109
9509
1961
9354
5669
6592
3030
1678
8696
8282
3059
2727
749
9625
5262
1880
9693
744
8352
6389
6168
6094
856
3666
8532
9003
4368
95
1210
9419
4389
7914
5210
1130
6821
528
2707
7372
3827
8297
8311
1356
595
9568
4545
7889
6772
5097
9698
7974
6518
5626
6600
6563
9124
3312
4466
2668
8039
8251
8044
4621
9283
6444
3229
7342
6904
7352
9596
7384
413
8105
109
9566
1076
872
2139
1411
2397
692
6953
9555
8072
7770
1158
2892
2786
7291
3032
267
1680
6041
372
5623
3071
741
4475
4838
5747
8422
1316
8570
7126
3917
3150
779
3900
9159
5417
5707
7407
4066
3964
7383
5305
7654
1262
7265
6775
5652
1553
2888
8680
7171
7855
608
4568
8895
4683
3687
9076
2881
9677
8877
4113
5523
7472
3132
3812
4138
4052
9025
6022
7168
9437
1162
1919
3093
8372
8966
4331
9324
7329
9895
7756
2156
9419
875
6807
3097
5644
4584
4661
5679
4389
6866
659
6199
6436
4997
7367
1586
6780
5522
3044
4951
462
1389
3687
1366
2205
4122
3585
2039
3265
1416
7637
8000
8719
8369
2555
8456
1755
8981
5922
2082
8712
2882
4414
4986
517
1972
6578
2595
2903
523
3729
4202
2045
7818
5482
6434
5652
4914
8838
6049
1688
3207
4272
2559
4600
9286
9627
2176
2788
6035
5609
4776
8708
8592
393
5673
6725
8088
2915
2592
9250
5554
3436
2935
8991
4151
8075
344
2966
1136
4828
6362
425
1589
3180
5305
3477
9599
2389
8978
2150
259
9427
7481
865
4158
8842
6148
548
5400
6333
7218
8447
361
6101
5681
1103
6349
8561
3516
6225
4194
323
3679
1103
9689
7289
5217
9657
9587
2296
3356
3023
8960
2180
4174
9823
3770
9921
6607
5688
5351
3274
4723
7257
7943
3268
5021
5857
4691
6237
5397
8610
2359
9000
7721
5982
2396
8047
4785
3550
8126
9721
6998
4316
4172
5226
1025
8769
3431
486
7056
9844
9601
2156
7684
4862
4110
6267
892
1136
3797
3480
2114
3782
8756
8568
3848
1019
5060
7414
3588
1074
2761
4011
4126
6361
3026
9396
1480
225
45
5254
1231
2600
4774
4306
8492
125
4676
7082
6428
7897
5600
7175
4518
7771
9237
435
3608
719
8744
1757
7986
644
4923
9182
3065
8079
2615
4914
1402
308
6566
9256
1165
8294
1584
1581
3374
1245
6090
3153
1557
7216
7827
7888
1842
5586
9750
8975
7997
5183
5698
8291
1172
5176
3375
8888
7118
3598
2196
5705
5710
5817
1407
9005
2787
4205
4058
5636
4797
7641
2619
4390
6387
9415
4366
9299
358
342
72
1036
9530
6200
9234
6350
3161
4624
1440
1647
6762
2506
6679
692
746
6951
7435
348
1590
7269
2037
8761
1025
5000
8846
893
8821
9731
8970
9688
2256
7405
3011
7522
1648
1520
573
9075
845
2450
3823
9672
4970
6316
2825
7333
5992
5018
3059
5315
2059
425
4099
2837
6231
3147
373
9062
7922
9590
3012
3978
2472
9666
1831
589
2033
9249
4417
991
136
764
6923
1164
3568
4241
3509
6458
9359
9304
470
4280
4738
7479
8052
3109
1273
20
1712
8992
147
2268
2260
3222
4944
6769
997
769
14
7679
1494
8455
2796
3415
114
6529
8106
3829
5759
2585
6130
8626
2727
1735
3797
7607
5086
1438
6118
2784
3451
8893
1336
6028
9572
1413
6812
1155
4068
8631
9264
9356
4428
5700
3182
5602
1593
5594
4346
7664
6869
4751
2568
6669
5840
5214
2257
9455
434
5163
1842
6708
7985
7269
7245
3002
8262
4054
2848
4521
3814
9586
8890
6761
7059
1591
6161
9564
3822
1984
531
8442
8892
6047
8850
5530
8622
7536
3106
4089
5513
3570
9675
1677
990
7011
7384
6636
5424
804
7037
4629
7346
5707
1983
3308
1693
3365
7097
1892
9517
3402
2345
8766
5225
4464
7751
8142
2931
6811
2663
6955
5506
9684
8547
2452
1472
8040
7705
4881
4842
3140
4375
5767
9922
2539
5797
6249
7359
1836
8974
455
175
7402
8550
9302
2641
7346
4816
5962
7369
1127
935
5749
3818
5355
9959
871
3229
5111
5211
1944
2303
9605
9546
636
544
3222
742
1364
6270
9301
4548
7548
8686
3361
5784
3016
4322
9010
2119
9861
4596
7186
4211
5141
6580
1662
6473
5032
288
1205
4945
6867
6974
1469
7175
3734
6230
2999
2103
9565
3469
9974
7789
2357
5541
6705
6995
5350
9132
4422
4584
9510
9957
4989
2483
4955
4019
8011
8884
8269
1607
5799
2143
2812
1941
9226
5724
7244
4824
4555
1358
6352
5460
9885
3086
4268
6979
7965
4997
9373
6495
4968
9898
8409
483
3
8829
5205
2672
2513
542
789
4340
9808
9994
1034
2977
8695
9156
6258
9740
1308
8342
2406
144
1475
3167
8718
1055
845
5350
4722
3204
2144
8837
8218
597
4313
1748
5961
3967
6180
7626
7581
6093
4604
5017
6923
7541
8758
6039
1905
8627
9367
3024
4299
9001
880
7233
7413
5629
822
9475
5846
3382
1476
6721
6842
2511
946
1613
5932
9829
6229
367
5733
9258
2824
2364
6902
7697
1153
7520
5181
1020
4190
8916
4451
8397
3442
1317
5421
5652
9214
7366
4311
4979
3276
187
149
6062
1788
6555
4012
7888
1332
1025
5881
6505
302
8736
8786
3266
8368
4592
550
9628
7017
693
1227
9619
7307
7513
8010
5321
3458
3792
1209
9417
4416
1271
7153
1586
9750
9218
8179
5377
7868
6349
618
6189
6261
5220
828
6444
7118
7761
7301
3836
1375
2668
6913
2649
2009
6487
4651
1988
2887
3007
389
6412
8318
1412
2627
6841
6387
9723
7354
6654
9163
5687
545
3227
4633
6670
8542
9101
3166
7380
8228
2830
733
8729
5016
1888
7302
9158
8173
2759
7166
4790
710
5759
9185
7378
2918
7239
6520
570
898
484
3887
4393
6219
6664
9325
3162
5891
472
7119
8240
7147
3874
1629
6659
4105
1308
5897
1376
6759
8256
7271
3318
4801
8312
6613
9261
1334
4173
6930
6391
2952
8020
6080
8844
8815
540
7082
4754
9659
8325
7536
5919
500
3737
90
6379
7726
4797
7525
1283
8646
6907
3185
7360
4399
3930
4734
6876
4861
173
8523
9439
6844
8863
6461
4310
7478
5772
9982
2639
344
7546
7969
1196
5631
9594
5998
3346
5457
7005
2594
3998
6430
6406
7640
6835
2191
5675
2525
3911
4491
8911
6406
3971
815
2724
8915
6598
7043
6403
4450
6053
2198
7624
8070
8885
9627
9833
5034
9412
3000
3990
3641
1134
7604
6774
4419
3927
9450
1764
6494
7245
7161
7445
8515
974
5206
258
1501
1144
3235
9327
982
3119
587
1869
5394
4230
9441
3259
3980
2063
1532
5153
3139
4705
2250
8422
3794
1355
6347
3770
2371
8325
8862
5455
4609
1769
6325
3502
1550
5884
1479
8086
4706
8536
4969
5793
4516
5592
3653
1447
2817
56
6097
950
8028
954
5891
754
7908
5774
2959
9340
5946
5403
2873
5943
4908
892
3942
389
9602
5886
2395
3662
2329
7644
4089
8036
3594
7935
8752
562
4474
6347
7280
8365
2755
4270
8410
3321
6828
1284
1597
1165
8295
5393
7023
3706
2313
3242
1171
2117
7719
692
9533
7200
9935
9495
3259
3981
2568
2095
2737
8779
1098
8489
3588
7548
6877
5618
7051
6714
7772
5909
7648
8315
3399
95
6860
9874
5649
2957
6872
7813
8519
2331
561
9418
6078
1694
9259
9745
5569
2916
5404
2880
9639
5263
8977
833
4413
6460
5497
4648
6086
6026
3906
2437
5051
5284
1364
5307
9442
8713
5842
6367
9941
1726
696
2245
2202
9935
9762
5335
4960
5890
5944
3983
7964
3997
6766
9680
2364
5038
258
2551
774
7005
192
7711
4479
7699
2432
4380
3918
7223
9384
2633
731
5494
3897
2553
9735
9292
2544
6036
1749
8359
7229
4599
5989
887
1941
9373
9614
8128
976
4100
5791
6395
3208
3497
9718
5680
7968
7901
2627
5609
407
1572
2461
1412
5508
7017
8807
221
1374
787
7634
5399
5260
5895
7329
3087
1207
1671
4206
7334
5888
2901
8337
884
2473
9084
5990
1232
4139
5046
2150
3057
1076
4603
7149
1848
2385
6917
5815
6319
8449
5561
175
3797
7450
905
5961
9484
5466
9810
717
7609
3362
3476
5374
6094
7875
3078
8330
343
2620
139
8928
5647
9305
9594
48
1531
7705
6242
9371
2165
8903
7760
691
1000
380
7651
2344
4027
321
68
8451
2468
1831
9558
4399
9846
5444
6472
3629
1989
5625
2737
7600
5085
238
9524
206
1122
9226
795
6172
2158
4321
9430
669
9698
5625
9572
4538
203
4700
6008
5116
2515
8240
4925
566
3959
2596
7124
2205
4901
9450
8251
7839
6000
9831
8313
7547
4854
1950
5216
943
8051
473
5807
9025
7104
2578
6953
4175
2653
1529
4651
2417
6346
2444
8317
3761
7367
4835
6031
153
3798
7967
9720
4049
1747
5556
1802
4195
4241
5315
8550
6011
6402
523
3465
4075
3682
2593
9975
2041
2890
4651
9650
5259
7993
5819
4112
7118
4219
7309
135
9052
7708
6790
8748
6230
8781
7066
9422
5579
4789
1537
4503
8475
418
310
9782
4485
880
8264
4919
5268
1374
6435
6687
9030
5675
4721
2779
3625
3605
570
5048
2944
6957
3068
8968
4280
311
7211
5322
6050
8493
6348
7017
3767
7103
6154
6308
607
9103
6952
6892
612
1235
8679
2344
1888
1410
3570
8172
9578
9663
9535
4019
505
5487
273
6212
4539
3441
2221
205
5357
3919
6259
3742
2223
3395
917
7783
2060
8507
9765
1882
1504
4040
383
8724
6207
6527
7385
1058
9625
1927
6927
9270
5562
479
6454
2582
1647
5287
6283
453
3672
9938
2832
4848
6337
3023
1512
2889
4919
8674
2306
6426
2544
5043
9120
5559
3922
3720
8248
7647
8392
8812
1006
1731
2013
6499
6401
4781
2928
7185
948
9033
3446
9190
8880
8652
8083
8020
635
5256
1896
5409
6584
9334
7778
9122
8174
2984
9979
6892
4761
2954
8299
1031
3175
7462
6528
202
7288
2030
8086
1128
314
2623
8729
5198
9494
5817
7728
3115
6133
2682
5380
7794
367
1818
2595
4322
7006
5026
7228
3209
5135
267
8550
4634
1232
4913
4842
636
5774
396
3300
8591
2906
2678
9955
2462
7474
3899
8374
6951
4889
8763
7773
5600
1721
9393
9998
5801
230
4542
2946
8626
2483
8967
39
4567
6833
4274
5055
2256
6704
6713
9058
8645
5012
551
6194
477
1910
6929
9840
9699
4337
4106
2531
6956
6974
3831
2640
6297
1467
2691
3573
3474
2373
3831
1427
484
1818
8747
7180
297
5438
3512
2871
1408
4243
872
4237
1530
9595
3198
2310
729
8205
2102
9277
8538
3856
6607
6497
9452
8468
651
2930
4462
433
7326
2497
9083
4446
336
6739
5633
6888
7583
8189
6475
6426
1433
1616
1339
2532
2674
3414
8088
8018
4006
9590
607
1023
3470
4135
9361
1745
8027
4646
7035
6826
7674
7602
5436
3410
6214
8152
622
6586
2273
9566
1271
4073
6721
4305
3761
1517
4487
7733
1548
3155
5618
2286
3218
7350
6196
8524
5431
1234
542
3446
7659
9388
4231
3664
9195
7151
7432
1583
114
347
8806
2356
3034
9277
6881
8354
4819
1782
1112
4349
5309
3127
830
5063
786
4664
7617
6154
8859
5376
3071
3599
6976
3947
5696
997
371
6641
1734
9076
218
7037
3218
2493
5322
2494
1403
4834
6183
4423
1241
8188
2902
3308
2460
5607
2439
5359
3839
7474
1175
5793
9498
2497
1308
5172
5339
2987
6460
3464
6286
6025
5460
4530
9366
8335
1377
354
8246
8222
427
4217
433
9113
7426
7997
5335
169
6912
4525
813
4464
2263
1433
2810
3246
6891
4873
138
4005
6694
2451
2323
3013
5864
2029
6467
9364
8786
4763
121
7507
5743
259
8588
491
8604
3690
5596
1600
8114
769
3776
6612
9060
2337
9582
3197
1372
3007
3700
5382
6850
3913
2965
29
5953
2317
261
192
8838
4544
255
4270
5647
559
8139
8760
1634
2133
2537
6998
645
9901
7520
4026
6187
3161
5752
3138
3744
6137
8775
1485
4427
9653
2165
9405
4452
5776
8723
340
6891
4858
4505
2404
8168
4834
5846
7061
6102
8981
9609
513
2447
828
3057
7866
9427
8480
4653
5656
5844
6131
6788
2777
9769
440
6523
8175
814
2183
4895
7159
3115
3764
2961
3731
7861
7247
9898
9879
8051
2233
3642
4689
1223
2463
513
7925
5723
2
4169
1432
123
2305
6679
7108
1077
9714
8238
2401
4315
9951
8611
8839
220
3028
6543
8491
7293
3526
6017
380
5360
8439
1085
5575
7419
2245
3016
3984
7904
3415
3689
2055
81
2436
5655
5542
7541
8737
8774
919
3208
6383
5330
1951
6378
7449
5514
1730
5683
2920
9953
6596
8431
2200
2458
990
5859
8121
3288
5699
9448
1451
3733
460
5874
2603
7877
3974
6350
6622
8263
1037
8103
9696
2772
3077
19
3818
2999
8097
2695
3162
1422
6275
9867
1001
4884
5018
9342
2444
7992
6261
8584
7948
2122
5448
1517
1878
9666
7408
8893
8867
3170
7990
1588
4497
5769
951
4437
3796
6890
3307
6143
2434
915
3537
9173
7941
8259
1814
7368
4427
8316
4288
3222
6777
2538
8735
2654
6639
9124
3260
7625
9371
2946
6626
1010
4422
3498
9175
2604
1319
5969
5398
2406
5712
9023
670
4580
6545
6533
555
2800
4806
3414
6554
4428
7432
4232
7931
9448
6490
1187
3806
6419
3138
7667
9795
9930
4999
5727
2673
6684
6865
6286
4815
2915
7808
3235
3372
9894
8602
2343
9408
5515
2290
4979
8657
8283
5499
3039
6668
1111
6569
9548
5774
2667
591
4081
3868
8125
4747
4973
9327
2083
6254
5277
7509
8242
8937
2667
4097
4639
8966
2161
9554
8600
3308
2221
7598
6279
1940
6786
2812
3123
1170
2627
2036
3160
4432
8343
2826
9216
6499
3359
4268
4037
7674
3986
1482
1203
8848
4846
6686
9819
1222
7514
8535
4781
1377
6903
8285
8720
6175
8765
1667
3130
1889
1042
738
9271
4877
2032
9476
6819
1277
1848
1516
8440
4323
4575
1738
8656
2394
430
4780
8842
824
1840
7674
2159
9777
938
273
2039
5826
5597
7258
316
321
7743
9754
220
7448
4285
4450
4004
2687
4175
5824
3342
7139
9461
3278
4747
724
1865
4764
9736
5355
8019
8025
9088
2752
9738
4416
3735
4573
9642
2922
237
7142
5609
1816
7033
501
9667
968
1003
1408
9936
7835
9020
3437
5750
6831
2853
7939
3775
5726
7138
7363
8290
7956
8077
7588
5945
8383
5537
3434
7159
6756
9874
6329
5292
9595
7797
416
7827
8456
8662
204
3433
1326
9776
9173
6688
4773
8694
7975
4857
7462
3921
7857
3490
6023
2661
5502
1877
8844
5265
157
4253
2037
1388
7634
6973
4666
4698
46
5383
9764
146
3643
3851
4051
5396
4359
5171
8999
258
6951
3656
7676
2093
3445
7124
2236
5150
5550
7254
7137
3694
5275
1817
3299
422
5270
3733
3202
6969
6202
5260
8624
1626
5884
7943
6056
1104
9167
8875
9778
6463
60
8303
2603
8720
7372
8746
7862
9506
3841
9939
6698
7939
8719
694
8751
143
9454
5619
3108
5311
3347
5815
119
1217
5616
1885
9154
3929
2110
397
5467
3694
5294
3068
4968
1918
9886
6494
7926
4314
9290
1682
4557
4168
4961
7710
2949
2783
4168
7174
1396
86
922
3399
1971
2578
3394
6452
5532
4839
2925
6077
6749
8150
3864
3779
9387
8926
5739
8946
2542
7359
4668
1776
777
79
9009
1135
6324
3685
4254
7034
8701
9104
9048
4401
6392
1089
6110
1626
1540
2472
2445
7361
6038
7627
8249
9769
6476
713
2394
716
7420
9205
5283
6493
2258
5904
3082
5946
7685
4216
2241
9923
3734
9969
8141
7209
9229
3606
1712
1301
609
7738
1468
6544
3571
9697
6152
359
4408
7589
2615
2778
6431
9465
1578
4276
9870
5968
5224
374
2505
3373
4514
3645
4888
6343
9856
6391
9967
787
4301
1448
8411
1088
2030
8297
3263
6882
8847
4365
1326
9192
3741
4372
3649
5319
1024
257
6710
2310
9676
4698
2822
2057
1534
5826
3142
4747
9790
823
2254
3002
6223
3270
7643
4194
1191
8797
1734
3605
8373
3331
8446
6563
3508
8552
4991
838
1198
7295
7548
9935
8099
5942
3988
4692
5236
7232
4275
7128
713
793
4213
6663
1632
1680
7792
6449
458
6621
8465
9356
8342
5344
5377
1833
3632
1479
7186
9358
3510
7720
2323
7353
409
5603
6563
5657
1555
6199
8859
739
512
421
5737
7360
8126
3380
5601
6953
7734
8509
6664
108
1135
4743
4783
9989
3171
5362
3099
8812
5971
3757
8186
5528
9696
37
2909
114
6901
5330
474
9483
5274
5244
5875
186
7682
2709
6702
1323
3810
7170
4207
8109
9011
4847
6002
7464
6413
2972
3022
6084
631
2968
7166
3191
5668
4176
7554
1243
838
4698
9843
5779
2752
8927
4752
2273
6760
7593
7453
8595
9237
6130
3114
2354
227
895
5854
5773
1624
6889
3681
1597
8482
8059
3743
8390
2192
3007
9011
1352
4864
547
3363
9305
1774
8094
2331
8187
7858
606
875
5893
3287
5534
8022
1772
159
6007
577
869
1091
2489
3213
6724
9519
7386
3751
1814
2275
9897
3217
5879
9565
1875
8937
3311
159
6570
9561
5376
231
3075
8503
9166
2506
6066
4277
3402
6638
8433
4944
6766
8485
256
3574
6538
5176
624
714
9880
7135
5141
7358
9910
1377
7905
5107
757
3969
2054
2839
5730
3439
5382
7388
7091
1072
5993
415
7872
3228
5348
2498
5675
1050
9397
8117
4607
3470
9733
7057
4977
7042
4304
9612
3540
9907
3434
1817
3708
3906
5448
4387
1497
9757
8438
9795
5351
8577
2000
1636
5575
7033
895
5139
1315
2364
4291
3089
3127
827
2927
292
3329
8685
1378
9279
2719
5915
768
2322
6070
4698
1823
9174
6515
499
7542
5600
6536
9904
5315
1973
926
888
6732
5199
9054
984
1191
7813
4796
1518
3951
9773
6770
787
3108
7455
9220
4185
314
8861
383
2423
9153
6676
3685
2588
2298
7668
6883
6571
534
7459
1922
1473
63
8725
3211
7510
8528
5262
2483
8879
7587
1941
6450
5171
6480
1306
9322
9504
9413
1952
400
8053
7880
260
9122
2246
8642
6408
2172
5838
5150
7992
3468
5821
4984
4786
1513
8621
5592
4564
648
9825
3706
8016
1544
2827
1189
3215
7025
8597
1414
5308
7722
3546
7185
335
3618
5423
7987
1622
6939
4804
3129
9112
4634
4042
9418
2749
5624
4131
9161
8793
226
4682
5691
5860
7727
5436
9590
4891
5185
9507
4655
7896
689
5238
724
7270
6188
8877
5547
3039
669
7679
1365
5722
3213
3980
6459
5289
3912
2882
639
8702
3602
16
340
9962
6334
5136
244
3907
8733
5831
1378
4067
4099
9783
4731
3767
1690
3662
882
8336
4090
9108
8808
8164
7439
8254
9940
9654
7668
3025
6833
679
408
7066
4593
1012
7604
6213
3868
8731
6882
8412
6560
7024
3621
1990
3448
8101
6203
1146
2211
8287
4597
7443
8747
9939
1773
4601
1444
64
3564
65
6639
937
4194
2889
2660
8178
2166
4533
4728
1564
3118
4334
3451
2792
1831
322
6925
4334
2964
3880
7576
462
6084
6227
4875
2406
5242
5380
4510
8369
1723
3608
3807
4699
6384
2799
8611
8532
418
7245
1201
777
4182
6318
9010
8902
5705
2427
443
1550
4978
6841
9468
850
1444
5612
6953
5723
8448
5764
4869
1510
1405
785
4254
7312
3855
2277
9644
1633
941
9146
9639
3576
49
787
6053
6532
3572
8606
3088
9773
3874
1074
5515
8636
9480
9848
556
2942
4218
6
7092
1566
4458
7311
5134
4970
1063
3404
210
5575
5728
8524
9533
431
2923
5259
1785
3030
3532
5533
7947
9494
1903
5564
4509
4581
3099
4695
5064
3094
158
5332
1010
4768
3934
7373
5222
9215
3922
7538
7919
9259
3363
6139
2001
9460
9664
4117
2247
2513
4566
8789
6829
6828
478
699
8782
6886
1138
8459
3548
6059
3757
6051
7274
3371
768
5757
3526
3505
4696
6535
2717
741
9026
9077
6339
3924
5097
758
8527
7630
4792
6417
4769
7662
6959
6153
4068
2805
4718
14
5529
7496
5094
8825
8373
5140
8855
7439
4905
6017
810
6486
4334
5051
9200
6953
4190
1056
4454
9987
3222
773
7819
5621
9834
7422
3945
1742
2199
2345
4764
9069
9187
8016
4251
6786
7143
6762
340
1857
7142
4995
2815
7247
7325
1310
8604
9456
3956
6658
5886
8162
3269
2137
9758
2936
9462
135
5748
2682
503
3118
3277
2340
4258
2119
3874
2654
5620
8408
6086
6813
8551
5243
8120
4493
2499
3930
1830
5174
2034
1605
7225
2504
9777
6642
9738
4001
9964
3904
7866
1065
2649
1883
2244
4135
9018
4904
3498
6394
4614
56
3891
286
5680
1768
9567
3544
4587
4194
9649
2827
2915
1682
1739
3263
3941
7211
7838
9264
6868
3501
9893
6341
5130
2634
4137
6370
4413
9618
7650
1856
3358
6232
7867
6485
6143
1825
868
2968
3048
8069
8654
554
439
8239
1950
6701
3494
1227
9759
6837
5189
6151
6834
9571
8715
3825
7895
4063
115
6212
5719
4448
2601
9851
8511
5201
3708
3327
6875
247
1280
5485
5570
7605
3877
2175
1866
8490
919
6290
3521
8050
8382
3353
8967
213
2008
1847
5130
8903
8814
2121
203
5625
7482
7415
7463
1089
6360
4887
4224
6149
6810
450
9806
5946
7036
1994
8639
9015
4062
4042
9370
146
3694
9125
4984
8841
3226
9339
9942
9667
8105
9141
9970
1933
3568
6574
5124
7332
5535
7923
7623
7630
9884
6945
6553
2709
8959
5464
9410
7989
3115
8698
8474
606
807
7523
9383
2383
1121
5422
6512
1781
7105
6340
2958
8431
1097
988
7261
2458
6966
1459
3273
2965
5203
5654
6555
6569
4413
9375
2969
3151
2453
5797
514
8613
1199
1192
2553
8538
4916
5088
1385
6976
5256
7715
7146
2341
7481
516
452
6160
9754
867
9290
8662
2054
3246
1821
7116
3523
1041
7685
3958
8544
3500
1939
5689
2154
7038
2159
6250
2310
2673
3822
8839
5858
8036
8009
4329
8013
3308
1638
1493
8910
8804
4055
3976
2189
8956
4479
1697
8236
2214
8849
8269
1632
4113
9073
7303
4444
9385
2912
9655
2184
2320
5941
9551
2580
3714
7174
9996
4052
7532
1094
8239
9659
5183
8341
3197
4734
2928
5100
9568
3047
9051
3368
1585
7028
8149
1611
902
6033
9204
7340
9173
9680
4978
7983
5754
1283
4819
5435
377
5600
4234
6287
6176
9815
7201
3188
6326
212
2654
636
3784
3935
3701
357
7131
9880
6465
6651
6290
6207
5411
4953
1765
4904
7497
6604
196
7772
7005
2629
7766
1920
9524
4549
5984
3335
2996
1569
8592
8081
7937
6729
2293
9374
2757
7198
9844
914
2485
5263
261
8680
7634
2695
486
8622
8550
3693
6847
8394
2931
1874
8651
1662
4371
4468
8980
8219
6436
9045
822
3367
9627
9046
6761
7124
6227
6606
920
6747
7111
7442
66
1092
1061
4578
4274
1275
3402
2811
7450
3926
4174
4995
3086
3192
1079
9632
6931
8525
3096
6031
6192
8193
1199
3591
8714
8794
4737
7302
888
7630
8315
3917
5738
2126
7345
7210
286
1443
5237
9391
3716
4652
5575
2297
9795
4996
6787
2947
2578
6128
9814
9080
276
3195
4118
8794
4230
1232
2663
4611
770
3291
2055
7710
8790
3930
2999
185
4596
855
8839
8861
6356
5472
1160
9221
5821
3561
5793
86
1591
1495
3269
3758
3968
7346
2785
1370
537
318
2727
8682
3154
542
8956
3333
5760
7840
3845
5325
6226
7778
4076
5787
1100
4671
7396
6268
2736
244
7345
3790
8479
669
2946
6543
7520
3079
8682
4263
8706
9135
4355
6462
8114
3566
437
9274
2151
6496
470
8906
9545
6953
8508
142
1578
5657
8509
2274
897
9151
4907
5934
5010
9901
155
8315
4229
1173
8700
8646
5320
1753
9192
998
8454
9218
5718
3796
7981
42
2696
7045
5678
8984
7626
1364
8891
6170
4037
2032
8103
7234
9016
2605
7195
5707
3310
9029
2802
9580
4820
3096
1020
7409
3617
4495
6075
1479
8555
8055
5086
8220
7787
4096
135
3035
6092
8174
2635
1261
3851
3243
4945
2168
5936
3707
4482
2575
2805
2897
716
6607
6905
8221
5868
6737
3800
6829
609
7979
2700
665
77
5967
615
948
5917
7621
4744
9699
1088
8051
4315
3999
6994
5683
2061
9109
7811
3640
9970
5048
1666
3448
1149
7357
8344
9192
5904
7237
3489
8900
37
9574
6098
5202
5417
3886
1755
2827
9674
7765
2544
230
2998
5272
6922
1136
7933
7941
9883
4698
7791
1346
1851
3513
6257
3518
4412
7436
7447
6366
8095
4141
3418
788
4539
6874
5179
1208
7215
4946
2463
5090
6886
2975
9925
4232
4538
2532
6050
7675
7223
112
2190
5957
3574
5417
7424
8399
5898
7208
7053
6883
1540
8051
7563
7644
6356
6462
5857
5291
6945
95
352
8963
9684
845
3349
4436
4604
2086
4568
3418
8290
2053
7510
3943
3373
7093
220
3001
6474
9573
2423
4448
3889
6434
6822
2900
2842
1689
7150
8306
9927
534
6465
7587
3002
6376
9624
2529
8241
3264
3417
3442
4159
7031
2551
3753
5313
1682
4712
5731
8350
3243
7468
4012
1166
6533
2091
5404
7873
655
1336
7209
5423
3209
1051
2990
7657
8133
8366
2901
753
9715
9544
2494
938
4966
5150
3965
3894
747
1351
5635
6263
9292
6592
5112
6892
2014
5939
3105
8229
1401
3273
8053
8527
3149
8490
1998
8936
1621
3396
5609
4128
4772
7022
553
440
660
812
3939
8405
5229
7407
5264
9231
9167
3824
7376
3080
4963
3367
1715
5979
18
8462
5764
2416
3697
2832
813
7010
4260
5444
3342
2988
96
3842
9357
6616
2706
8538
3625
6306
3723
7310
7607
1473
6176
1253
4456
4087
9633
6191
1891
1890
6084
8746
9219
994
8065
6964
9539
4050
4283
2476
7046
3869
5462
7090
5175
2983
3418
7453
2381
2657
3614
7863
6952
7864
9492
4472
1989
5312
2138
6850
5572
7653
5069
4995
8244
977
7723
3838
9222
5242
3718
239
874
2254
9256
203
1800
9840
5127
6322
8322
8876
7652
3041
4122
3148
7803
1930
8286
9647
8661
5266
7315
212
1302
5556
7014
8387
4561
1024
2376
9447
679
7673
6598
8623
8264
3226
1145
2758
5346
3869
191
9106
152
1503
6421
2167
3619
8845
5537
6328
6063
2192
5877
3845
3016
8954
732
6940
9888
7629
9252
5137
8183
9297
7619
2548
9247
2683
4561
4109
1525
1679
8123
8957
5124
1251
9794
617
9384
8548
6193
8325
7798
3444
4314
2179
6364
1569
571
1926
3380
3155
9740
5980
2284
3851
7846
5221
5190
7984
8822
1255
9292
375
1807
1266
5078
517
5991
42
9630
9477
4167
5955
46
7881
2477
3350
6630
8482
6515
3535
3769
2268
6725
1398
9681
9615
1252
3851
5797
4217
5266
225
6743
801
8631
6388
697
7965
7052
7978
9549
1751
3667
3338
6403
4695
2351
7552
4100
88
1973
1637
4081
6890
3690
596
4132
9493
1977
2032
9130
4411
4110
6057
8997
74
15
5777
6876
1269
2924
7713
9614
1554
7959
7563
1710
7406
1475
7434
1716
8938
8176
4046
6955
960
822
3438
9620
1428
5109
1997
3171
7401
5742
5088
6641
1060
4770
7062
1769
9624
711
7813
7676
7547
2799
6372
6584
8228
1355
2261
2505
8803
3868
4369
4804
377
4005
177
3683
6712
7727
5285
1784
5158
1484
690
8739
4266
8209
555
5453
14
5987
8815
2527
1559
8731
3160
6788
9439
725
9240
8292
7223
4771
3043
6825
3150
4474
7549
6421
2236
4433
386
6265
2205
3512
6629
8668
2874
6114
1855
514
5262
49
1050
4138
1320
8840
1293
5455
2676
5969
5360
4371
2722
6200
4730
4078
3942
1645
9887
454
7428
3940
1554
8845
1253
2078
2497
196
1849
4471
2059
5779
2604
4923
5036
5068
8827
7812
328
7992
4153
685
3963
8988
7651
5153
2415
4653
7463
6312
9842
1453
7270
4464
5384
2088
8766
2964
8147
1791
970
6207
2505
2755
1589
1069
1908
3173
4777
6453
9409
7381
6722
3800
1038
5539
4349
1528
7579
441
8400
1625
6874
2578
8926
5055
7465
6704
8904
1170
5584
8997
7334
9377
5459
5514
352
4709
8591
4385
7861
1833
1484
5711
8938
2212
3793
375
1812
8528
2757
1536
7262
7684
9354
8680
6909
7622
2498
4168
8479
5905
7708
8287
2077
5595
5005
7588
9341
2751
6528
5435
4424
8575
2244
1769
8815
3056
7876
1454
6476
7579
3415
83
2468
8501
1212
4136
1256
2724
9875
8854
5970
2892
6674
1439
4408
8847
3116
9871
9597
4884
549
6935
1908
6834
9886
5660
5653
5117
3626
9067
4587
868
331
7741
4818
7985
4360
6131
3770
6057
6247
646
8016
2584
5857
6771
2803
4527
1011
5030
7422
825
2376
8558
9439
2518
5572
3010
7648
8485
5315
6340
7893
8893
8565
8475
9868
9375
5933
4017
2646
2234
8961
8144
6750
2170
2520
9819
2724
1020
5988
2339
7411
1792
8861
8894
809
3113
6588
7278
6485
2575
6154
8573
1711
1300
6150
8782
7799
6132
9948
2457
9191
56
9708
2061
9198
3479
9481
4121
9347
8285
7862
5794
5880
7121
1348
5248
7066
8983
4498
9498
9873
6705
9538
2058
5245
8445
6119
5703
6871
2768
7022
4472
1357
8596
5018
1950
8316
6059
6693
7132
4065
8965
876
2928
4845
1297
59
4874
3642
4879
4144
435
4590
8746
9588
8794
4563
7296
6612
3833
8972
9278
8788
2579
3399
450
2083
6070
7465
6933
8295
1903
2279
9744
6600
3395
6668
7796
3621
7231
8181
8010
875
1261
8266
3378
5475
4988
7526
4834
7335
6097
2783
4724
6844
915
1248
2015
3854
4578
832
9060
6053
9025
3296
2000
6295
3640
2494
3034
2824
4155
9663
1715
7243
4770
879
5199
3971
6256
4634
7674
7837
9213
1771
5219
3168
7617
4308
9321
2714
4002
6214
8633
3164
9220
3956
4849
9982
2703
6755
3907
8459
6724
1458
9219
8236
1295
8222
9761
8219
9339
6706
9443
274
8019
8434
6739
7229
4931
1324
6006
9120
7974
9432
8916
6322
8352
1148
8568
5258
4120
5747
6506
1998
2496
7855
7301
5964
6542
3727
7599
3367
1298
337
95
754
2625
7688
3411
4544
9604
9994
6864
951
9253
9735
7243
3821
6042
8834
5025
1436
6504
910
581
9292
9156
9091
8983
435
3039
7145
2961
6266
6330
210
4842
1350
6581
7873
6325
9799
4221
9002
8403
4328
3979
2526
6393
3013
8346
2084
635
4525
510
4027
6561
4151
675
8811
2887
4402
6742
4536
908
8791
7088
4853
1766
3431
1105
7378
6445
5714
3434
5171
7647
1094
168
1998
5891
4878
7000
5346
2800
8605
6357
3878
4488
8975
185
8646
6998
5361
4015
5398
5883
9539
4131
331
7207
8137
343
2406
1567
7840
6547
1956
7452
722
6270
6768
925
9306
9483
8011
3476
4016
8013
6977
8262
8506
7519
7658
2633
7314
1327
1903
528
4846
3709
4160
7077
7095
8354
6835
5231
5907
1724
4911
3005
1333
1819
7295
1184
5846
9171
3918
836
1371
5783
853
7182
9042
4248
2163
364
1558
5610
2319
7623
328
3655
82
8398
8904
6050
8908
8300
8926
9825
8009
525
1598
5991
8745
9469
5747
1422
606
8853
1586
9594
317
2513
2364
452
8243
2918
6435
1638
8411
8734
7132
2726
4739
1388
2918
666
5401
2783
3899
4447
3123
3914
5306
3636
3482
4838
8088
329
7904
8486
9574
6648
4124
1643
7561
56
5722
4617
3957
3327
1628
8949
4699
797
8148
8222
2039
4387
5081
5886
5562
4839
9276
70
6790
9231
1163
8760
9358
5420
5181
5728
2594
6246
1094
2940
6494
7604
6994
8606
501
6642
6803
9978
3334
3282
3908
5588
348
8730
1793
6302
3242
7181
7493
6775
6580
9669
2769
5788
6056
9039
1463
5570
5787
5742
8005
78
8237
6061
1912
7662
6036
6430
1900
4719
7893
8855
4597
4215
3287
9178
4388
3173
2279
6565
6511
2465
1449
3596
2247
4023
3185
1802
5011
3889
5606
9073
4478
2740
3925
6047
5088
6819
9275
257
6924
8840
483
8960
3066
6498
509
3409
7656
8374
5522
6286
7037
7505
5751
6365
6981
9804
5471
600
8191
9873
3959
9937
4254
319
8123
8251
1699
947
1376
5097
8597
7343
8033
7379
2744
812
998
5164
1167
6573
7500
6735
5277
7347
6079
4751
6375
8146
4475
2521
9666
3135
4267
777
3466
2786
3045
8362
1095
9823
6939
4537
5274
2747
4041
6190
2482
3430
66
2002
8052
9197
1921
4847
2286
8260
1536
2980
634
8216
6573
3761
2664
5379
9899
747
3919
3766
4711
9785
5682
1106
1079
1001
74
6897
1386
2580
1472
4380
1852
7332
3549
2637
8319
6386
7191
9566
1924
7448
1176
1311
1923
5255
5169
7051
8548
8680
4748
489
6538
6425
8683
2181
584
9290
723
58
2850
6649
3320
5516
9096
4170
8390
6843
4462
9075
2988
4906
8023
9208
5277
8473
4598
6810
5403
5305
7901
1510
4761
9482
1343
7860
411
6662
4381
6
9764
9048
1607
1437
189
374
3018
2086
5189
598
7921
2885
3789
4339
1152
847
9398
2480
4777
5812
5415
4503
3228
4188
8268
206
4328
3505
3715
1625
6994
9724
693
5089
5917
1207
1494
1637
484
5892
9378
2581
950
8708
2749
8200
3461
1127
9974
8689
5340
3059
6723
4800
7843
5322
9724
6600
921
6720
1951
1968
3772
9649
3110
9626
5140
82
4827
3907
1257
5348
9124
9403
4818
2332
5477
7980
2101
2930
452
4564
2687
3457
1111
3257
9296
7840
781
5485
6989
354
5348
5776
975
4849
5928
3893
8591
20
8473
4082
101
3091
2730
2360
4996
1113
3353
4646
3047
2216
9308
8057
3320
323
1834
5200
1675
1283
8028
2878
3612
3306
977
9465
71
4931
974
1328
7086
2373
3726
6763
6020
8187
5326
6873
2566
3499
7697
751
678
276
1069
2519
8972
5620
7020
2708
1201
2142
3410
5012
984
3927
8664
8842
2292
4187
2215
5910
4881
7708
7427
5390
4979
6815
7340
9830
6493
8306
1708
3215
5415
2684
3726
6938
3964
4097
6713
8745
3895
5529
2123
2645
8262
5802
794
4545
924
1343
2120
5200
2143
9214
1334
4878
9767
6147
5501
7965
9943
4395
4329
7739
4388
5860
221
1910
7093
3071
7520
6269
2720
4606
3969
1469
7619
9007
3461
9570
2778
6023
415
3128
2415
1136
3895
2148
7939
4557
3766
121
3947
1191
1868
4975
2326
8178
3085
657
844
8263
1184
4050
8179
1936
6777
8736
3483
9426
3662
3639
2500
797
5381
9348
8173
6187
3159
8443
5532
3654
4023
3781
1881
6353
9408
480
8196
8680
3155
2539
7589
176
2625
5322
822
5841
1144
1952
7051
2465
9198
4262
7723
7498
9688
5106
7059
6901
3163
9248
8079
6659
2706
5182
1573
4287
4274
1036
5021
3573
368
6210
9866
2722
6805
3130
5558
1138
1558
289
1370
5915
5426
8943
3526
9113
1221
7040
9440
1659
7158
1682
4941
8882
9343
3214
9800
3980
7139
142
8693
3862
2940
9309
1959
9136
9085
6075
3841
2725
201
202
6315
9353
7155
562
2054
7324
8458
4759
171
6813
3216
1660
939
7493
709
8483
5001
4428
9789
6643
5921
6152
9701
9438
8811
7198
96
7804
8748
10
4391
2680
8442
540
9547
3116
367
724
1601
3408
1399
6712
2078
4190
9151
1534
7231
5343
7778
5861
9154
4687
895
5672
1113
4633
9743
7935
8706
4442
7645
9887
540
2563
3188
8375
6321
7095
4818
2496
5340
8925
2010
7675
5222
9927
6684
4162
2818
4809
4995
2095
5852
6814
4328
5998
7759
5118
2751
2540
4884
7942
4782
9460
1736
5166
2735
4972
8346
3075
5523
1710
7070
9087
7039
9864
9781
9477
1332
1103
7731
4449
4115
4359
4673
827
3640
4229
9375
5917
4700
5516
1755
3046
7971
568
6950
6837
8669
7844
3541
6018
8737
4387
9172
9682
2363
5548
4467
3941
4730
9986
7346
6203
7619
2432
3895
4896
6620
9329
6248
3994
4524
5456
5387
1253
567
4052
7679
6354
9215
4148
1783
6706
1478
6802
2172
1084
1802
1460
1560
9691
5308
185
5014
5511
5494
3234
6537
1338
5150
4065
91
5954
9597
5565
7295
9479
4595
1494
3776
3775
2072
8851
9252
3890
2681
997
868
6140
1651
7830
7455
2902
3152
6294
2983
9444
3495
2116
2899
9427
1018
7665
2379
6249
3528
7520
8702
2468
1054
4270
9947
923
3478
2520
3959
7885
426
5788
5932
2257
4391
3944
6020
4020
9258
436
9868
6133
2706
6217
7984
1472
7502
3139
2448
260
9000
453
6730
4240
7040
353
1718
7163
1204
5966
3175
3005
5399
6434
2522
3459
624
8747
9466
8161
2085
2819
1270
3215
1352
8065
486
4703
3317
8856
6591
7598
6344
42
4509
2189
5730
5991
8559
9258
6237
5389
5267
7643
4745
2546
4946
7711
9393
2856
5239
2480
2048
2505
1863
6492
7122
1244
8831
7205
3128
172
938
4090
7443
3800
7524
8064
8595
5121
5379
3001
4076
1347
9118
1315
1367
1933
196
2337
3482
6683
6112
5187
7598
8269
6008
5444
3899
7689
3095
7789
428
5321
8862
5856
6461
8625
6334
2689
3695
6122
6593
1075
112
8527
7964
4735
90
7273
2935
3057
9300
5090
3866
7697
330
1059
5224
4360
6556
1339
3184
9635
3737
9200
7847
9918
3445
2406
8762
8633
7574
4927
4520
6216
2458
7450
9441
3628
1426
7648
4243
9250
8791
6574
5360
6563
8465
3017
5579
6001
5837
987
5843
2461
3019
6006
7363
1492
9364
3564
8167
5546
2167
2231
4378
2761
5336
3971
336
4498
3574
6444
2617
7434
6997
2997
1918
702
401
9177
4076
3040
5915
6540
3604
4165
3728
4896
805
2147
772
7589
3930
2364
1479
5996
8229
7824
6976
4811
8635
4912
1730
8126
6561
8242
5982
1700
4625
9484
6665
9533
1433
3111
5272
5254
5014
5000
1072
3691
7072
1101
3479
4261
6649
7581
2787
9113
1192
6533
8855
9510
4575
1719
9164
1670
6191
822
1157
6009
7251
5030
3000
5379
6313
4087
9965
4924
7597
8288
5441
9139
7576
1213
439
4814
938
5585
3790
9136
8482
5813
7286
293
9013
8104
7759
1795
763
4260
6132
7022
5092
7537
9699
7377
7025
4830
7264
7031
6690
3670
9907
3562
2890
9976
1882
7619
4314
4030
3499
719
9602
4395
960
8929
5396
2882
3553
6564
1962
2613
8881
5972
4967
3729
5317
338
2225
8622
1678
5480
1629
9830
3793
794
2386
8439
8591
6256
4759
9702
147
6898
3084
3530
1628
9047
4433
9723
9884
9829
7431
6170
7522
1102
8672
8336
3379
2694
5068
2067
4309
198
6147
5735
188
9302
7030
3271
2020
6905
9767
3266
3635
2270
1618
686
6701
8409
1302
8887
3865
9763
3597
2012
2018
7551
4359
4390
3481
5121
374
6672
2704
346
3454
7825
595
2427
5172
9986
7280
2728
826
8992
2048
4450
3692
1790
4703
3973
161
3218
7531
9002
3050
8069
6272
6074
3542
4085
9693
2775
7706
1293
5136
6989
8501
4638
9503
5037
118
2250
8638
3245
2927
1188
9178
7720
9656
6175
3732
9862
902
7441
144
1943
4449
2436
5353
5859
1695
7390
117
7758
7453
2948
771
3223
5978
5224
123
8859
4527
6177
2491
8262
6746
2390
1804
3065
8902
8195
8445
4592
6736
4437
283
8263
4040
9718
7444
5097
6642
2592
9444
4906
8223
4178
2097
5935
4723
2551
5741
3733
1679
2859
4731
4631
6442
405
4458
3088
388
5860
4660
3949
784
3475
9675
2225
8041
7456
1991
2401
5934
5377
207
3788
9692
641
1096
8236
2968
9912
52