2434
2493
1505
1513
23
2255
1495
1396
698
1477
2161
1098
2149
2107
2481
551
1784
239
2149
524
1122
390
2188
1731
763
283
789
2486
2152
1827
558
21
1780
843
681
1627
1512
1012
2480
663
500
1747
389
834
447
2209
207
648
677
617
1488
2257
2405
1853
1090
272
626
1882
2144
2146
606
170
1888
2325
1216
1863
89
10
1313
1046
2332
2149
1771
1637
1280
1089
567
221
2248
1913
1461
117
1596
1579
882
1283
769
2086
1338
1435
112
1148
2049
1342
654
2246
1157
427
1404
1758
1805
1773
224
2063
515
722
821
930
38
907
226
1537
681
1248
901
1244
2142
558
286
2288
1616
1733
1385
922
356
1377
2169
1550
896
656
2326
638
1683
1075
2241
2275
2189
347
1922
1299
2026
1735
943
1662
919
1021
550
1869
1204
530
19
1254
1047
713
2346
57
2447
1902
1497
2229
2157
1809
940
1949
233
1456
624
1880
170
1542
1094
2089
2102
2077
1131
1835
603
1659
1045
295
695
1537
2101
2
135
740
838
966
1785
251
2225
1839
769
1929
271
2012
44
547
1025
2025
506
1290
926
1530
1604
2359
852
338
705
303
321
856
1246
2006
90
58
365
19
2478
95
2217
776
86
1425
1516
1734
504
1834
714
905
229
1432
407
2206
871
332
75
657
472
1855
833
224
745
2064
1594
88
391
270
1777
1137
1537
1652
2134
2334
1456
1046
1103
1278
1375
2444
966
1645
1881
155
549
570
1327
641
1780
1723
1290
1473
2217
1033
33
1197
878
898
401
630
579
1732
1349
2388
1469
1996
1688
403
1779
1846
2255
1863
1761
1873
191
1556
1096
262
1019
2255
1304
959
2240
53
87
407
1100
1804
663
1782
904
543
1757
2297
1784
2398
1535
2404
847
2065
604
619
2386
1263
346
947
1632
7
1543
48
184
1140
746
832
237
936
466
2316
843
1616
1656
682
198
1567
1727
1096
1275
1966
179
364
1776
2278
1866
586
1320
262
264
553
2129
1809
1785
1762
2056
237
976
2231
1631
502
1318
1738
326
869
130
53
2458
2152
978
1233
889
1943
2284
1604
545
1890
129
704
2014
1387
2328
1090
2226
1841
1981
1871
142
31
1992
756
2247
67
630
901
1424
1036
1564
1347
347
1811
1774
2328
443
160
584
1720
1750
2368
1439
1334
1600
1208
1538
2381
247
921
1189
1409
1328
1428
2337
474
1081
1638
1361
2014
2356
1469
1478
61
1862
2312
831
1835
1687
1382
1842
837
1190
1904
161
2401
2344
615
2475
1189
962
1406
2248
1793
2247
906
124
77
74
13
808
1504
2181
1453
987
1372
1400
794
2057
985
1023
776
816
1933
888
1635
1476
1826
280
1769
622
565
2200
999
452
1517
1474
455
627
1526
23
1233
1843
763
1685
166
2054
1297
98
2399
1765
360
1785
951
2109
386
1497
1936
2010
1710
1499
1707
2184
995
1996
2284
987
1228
17
2298
450
1090
89
2363
1064
897
726
2060
2448
962
379
2335
1458
89
1061
2487
2293
2177
2057
1346
1114
2277
1141
100
2319
879
1195
485
129
2176
100
898
792
372
922
144
1330
1468
1975
130
422
1417
2248
2457
585
2185
1069
548
2425
810
2103
550
290
1051
43
1191
1860
1317
1563
1952
229
550
2261
2260
2288
2239
1409
986
1197
753
1106
2125
1584
1517
1337
2276
1851
2493
95
2494
848
423
1169
1502
751
2307
1577
2370
2481
207
1874
856
945
187
732
501
1426
1721
1525
2291
1239
9
897
2136
478
1371
1167
1971
1524
2290
462
1535
1348
69
626
1601
1638
1774
1152
1929
325
682
1986
1622
1765
1159
2141
1726
1056
1826
1300
155
2276
1723
1770
118
1884
1362
2164
2370
2275
1991
1058
1438
1632
1715
396
504
1372
1575
894
962
573
1328
2417
2080
784
1743
2500
159
2477
1825
901
890
482
1891
1237
1813
1801
1732
2409
1883
1038
2006
1925
2248
2149
1914
522
2020
2164
444
2016
1932
500
753
1895
2321
2260
1271
2495
1600
1595
451
1822
1405
1908
1275
2298
1584
664
224
127
434
1875
702
879
2055
236
2170
115
1088
148
1680
2339
1401
952
1450
407
1815
434
1357
1086
1621
1690
1554
1700
939
1375
695
738
655
1251
310
411
352
1381
2013
2209
2294
2091
512
1151
878
1183
1361
1508
1916
1314
491
226
2209
2129
495
2398
1092
236
2204
224
1638
779
287
1372
771
1303
2463
1186
1734
1589
174
2389
1579
87
1736
2131
2479
2276
1814
1383
552
409
2021
2445
873
596
2049
915
1462
2318
712
1181
466
1788
301
702
760
844
1009
915
2282
407
1573
372
576
424
1347
1617
2176
1170
335
1591
1624
874
1579
1466
168
664
617
2486
2330
632
2120
590
2491
424
877
1002
1006
1724
1544
534
1622
2071
1256
2429
406
1087
701
1619
1334
1567
662
270
1053
1976
2240
16
2419
121
1770
1103
1313
2062
1109
976
493
1052
842
835
836
1844
1416
2138
78
121
1529
1522
2084
168
829
850
1389
1489
2208
2481
2387
893
69
2128
634
2401
170
1521
1188
835
2368
1734
941
2258
494
1993
1319
1619
770
1899
1935
390
221
1249
1995
1996
2455
347
1405
2294
2046
1290
2001
2459
1376
1607
2423
510
1083
138
1823
774
886
616
1292
2111
913
354
958
121
1666
2216
667
1512
1048
1824
913
1111
2203
1446
770
837
2137
1550
932
2349
1816
1002
2162
2243
236
1707
1892
1614
2203
1339
1167
348
2252
679
1821
945
255
610
1134
457
1129
621
1532
1569
2500
1127
1955
2271
1828
1323
897
1235
2285
1056
1363